,mu,sigma,trials,cluster size,decision,alpha,tau,epsilon,clustering,labels,mut inf scr,adj mis,norm mis,adj rand s,complet,homogen,vmeas,mut inf scr1,adj mis1,norm mis1,adj rand s1,complet1,homogen1,vmeas1
0,"[0, 2, 4]","[1, 1, 1]",100.0,10.0,softmax,"[0.1, 0.3]","[2, 2]",,spectral warp,[0 0 0 0 0 0 0 0 0 0 1 0 0 1 1 0 1 0 1 1],0.27436,0.3704,0.42163,0.3304,0.44913,0.39582,0.42079,16.0,13.0,9.0,11.0,10.0,16.0,9.0
1,"[0, 2, 4]","[1, 1, 1]",100.0,10.0,softmax,"[0.1, 0.3]","[2, 2]",,aff prop,[3 0 1 0 1 0 1 0 0 1 2 0 0 3 3 1 4 0 2 2],0.20794,0.05946,0.20872,0.04675,0.14521,0.3,0.1957,25.0,33.0,28.0,32.0,31.0,25.0,28.0
2,"[0, 2, 4]","[1, 1, 1]",100.0,10.0,softmax,"[0.1, 0.3]","[2, 2]",,pca,[1 1 1 1 1 1 1 1 1 1 0 1 1 0 0 1 0 1 0 0],0.27436,0.3704,0.42163,0.3304,0.44913,0.39582,0.42079,16.0,11.0,9.0,11.0,10.0,16.0,9.0
3,"[0, 2, 4]","[1, 1, 1]",100.0,10.0,softmax,"[0.1, 0.3]","[2, 2]",,spectral overlap,[0 0 0 0 0 0 1 1 0 0 0 1 1 0 0 0 0 0 1 0],0.0067,-0.0333,0.01073,-0.03068,0.01192,0.00967,0.01068,44.0,43.0,44.0,45.0,45.0,44.0,44.0
4,"[0, 2, 4]","[1, 1, 1]",100.0,10.0,softmax,"[0.1, 0.3]","[2, 2]",,km_choice,[1 0 0 0 1 0 1 0 1 0 0 0 0 0 1 1 0 1 1 0],0.0,-0.04091,0.0,-0.05322,0.0,0.0,0.0,48.0,49.0,48.0,48.0,48.0,48.0,48.0
5,"[0, 2, 4]","[1, 1, 1]",100.0,10.0,softmax,"[0.1, 0.3]","[2, 2]",,km_ent,[0 0 0 0 0 0 0 0 0 0 1 0 0 0 1 0 1 0 1 1],0.21576,0.28139,0.34559,0.21918,0.38369,0.31128,0.34371,24.0,17.0,22.0,20.0,18.0,24.0,20.0
6,"[0, 2, 4]","[1, 1, 1]",100.0,10.0,softmax,"[0.1, 0.3]","[2, 2]",,km_con,[0 0 0 0 0 0 0 0 0 0 1 0 0 0 1 0 1 1 1 1],0.27436,0.3704,0.42163,0.3304,0.44913,0.39582,0.42079,16.0,13.0,9.0,11.0,10.0,16.0,9.0
7,"[0, 2, 4]","[1, 1, 1]",100.0,10.0,softmax,"[0.1, 0.3]","[2, 2]",,spect_cos_cat,[0 0 1 1 0 1 1 1 1 1 0 0 1 0 0 1 0 0 1 0],0.08228,0.08289,0.11871,0.11333,0.11871,0.11871,0.11871,34.0,30.0,35.0,28.0,35.0,34.0,35.0
8,"[0, 2, 4]","[1, 1, 1]",100.0,10.0,softmax,"[0.1, 0.3]","[2, 2]",,aff_cos_cat,[2 2 1 0 0 0 1 0 0 2 0 2 2 2 1 0 0 2 1 2],0.02527,-0.03286,0.02955,-0.02935,0.02395,0.03645,0.02891,38.0,42.0,40.0,44.0,42.0,38.0,41.0
9,"[0, 2, 4]","[1, 1, 1]",100.0,10.0,softmax,"[0.1, 0.3]","[2, 2]",,spect_cos_ent,[0 0 0 0 0 0 0 0 0 0 0 0 0 0 1 0 1 0 0 0],0.07488,0.05993,0.15775,0.02146,0.23035,0.10803,0.14708,36.0,32.0,32.0,35.0,24.0,36.0,33.0
10,"[0, 2, 4]","[1, 1, 1]",100.0,10.0,softmax,"[0.1, 0.3]","[2, 2]",,aff_cos_ent,[2 0 2 0 1 0 2 0 0 2 2 2 0 2 3 1 4 2 1 2],0.15337,0.01746,0.16128,0.03061,0.11755,0.22126,0.15354,28.0,36.0,31.0,33.0,37.0,28.0,32.0
11,"[0, 2, 4]","[1, 1, 1]",100.0,10.0,softmax,"[0.1, 0.3]","[2, 2]",,spect_rbf,[1 1 1 1 1 1 1 1 1 1 0 1 1 0 0 1 0 1 0 0],0.27436,0.3704,0.42163,0.3304,0.44913,0.39582,0.42079,16.0,11.0,9.0,11.0,10.0,16.0,9.0
12,"[0, 2, 4]","[1, 1, 1]",100.0,10.0,softmax,"[0.1, 0.3]","[2, 2]",,spect_esk_sim,[1 1 0 1 0 0 1 0 0 1 0 1 0 0 0 1 1 0 1 1],-0.0,-0.04064,-0.0,-0.05556,-0.0,-0.0,-0.0,51.0,47.0,51.0,51.0,51.0,51.0,51.0
13,"[0, 2, 4]","[1, 1, 1]",100.0,10.0,softmax,"[0.1, 0.3]","[2, 2]",,aff_esk_sim,[2 2 1 2 0 0 1 0 1 2 0 2 1 2 1 2 2 2 2 2],0.05191,-0.00786,0.06244,0.00786,0.05205,0.07489,0.06142,37.0,38.0,37.0,37.0,38.0,37.0,37.0
14,"[0, 2, 4]","[1, 1, 1]",100.0,10.0,softmax,"[0.1, 0.3]","[2, 2]",,spect_lin_sim,[1 1 0 0 1 0 0 0 0 1 1 1 0 1 0 0 1 0 1 1],0.02014,-0.01041,0.02905,-0.01333,0.02905,0.02905,0.02905,41.0,41.0,41.0,41.0,41.0,41.0,40.0
15,"[0, 2, 4]","[1, 1, 1]",100.0,10.0,softmax,"[0.1, 0.3]","[2, 2]",,aff_lin_sim,[4 0 2 4 0 1 1 1 2 4 3 4 0 3 2 0 4 4 4 4],0.19442,0.04637,0.19145,0.01256,0.13067,0.28048,0.17829,26.0,34.0,29.0,36.0,32.0,26.0,29.0
16,"[0, 2, 4]","[1, 1, 1]",100.0,10.0,softmax,"[0.1, 0.3]","[2, 2]",,comp_hr_esk_dis,[1 1 1 1 0 1 0 1 1 1 0 1 0 0 1 1 1 1 1 1],0.0067,-0.0333,0.01073,-0.03068,0.01192,0.00967,0.01068,44.0,43.0,44.0,45.0,45.0,44.0,44.0
17,"[0, 2, 4]","[1, 1, 1]",100.0,10.0,softmax,"[0.1, 0.3]","[2, 2]",,avg_hr_esk_dis,[0 0 0 0 1 0 1 0 0 0 0 0 0 0 0 1 0 0 0 0],0.00997,-0.0342,0.01841,-0.01731,0.02358,0.01438,0.01786,42.0,45.0,42.0,42.0,43.0,42.0,42.0
18,"[0, 2, 4]","[1, 1, 1]",100.0,10.0,softmax,"[0.1, 0.3]","[2, 2]",,comp_hr_lin_din,[1 0 1 1 0 1 0 1 1 0 1 1 1 1 1 0 0 1 0 0],0.0,-0.04091,0.0,-0.05322,0.0,0.0,0.0,48.0,50.0,48.0,48.0,48.0,48.0,48.0
19,"[0, 2, 4]","[1, 1, 1]",100.0,10.0,softmax,"[0.1, 0.3]","[2, 2]",,avg_hr_lin_dis,[1 1 0 0 0 0 0 0 0 1 1 1 1 1 0 0 1 0 1 1],0.08228,0.08289,0.11871,0.11333,0.11871,0.11871,0.11871,34.0,30.0,35.0,28.0,35.0,34.0,35.0
20,"[0, 2, 4]","[1, 1, 1]",100.0,10.0,softmax,"[0.1, 0.3]","[2, 2]",,spect_edr,[1 1 1 1 1 0 1 0 0 1 0 1 0 1 1 1 0 1 0 0],0.02101,-0.00937,0.03076,-0.01109,0.03121,0.03031,0.03075,39.0,40.0,38.0,39.0,39.0,39.0,38.0
21,"[0, 2, 4]","[1, 1, 1]",100.0,10.0,softmax,"[0.1, 0.3]","[2, 2]",,aff_edr,[0 0 0 0 0 1 0 1 1 0 1 0 1 0 0 0 1 0 1 1],0.02101,-0.00937,0.03076,-0.01109,0.03121,0.03031,0.03075,39.0,39.0,38.0,39.0,39.0,39.0,38.0
22,"[0, 2, 4]","[1, 1, 1]",100.0,10.0,softmax,"[0.1, 0.3]","[2, 2]",,spectral bad warp,[1 0 0 0 0 0 0 0 0 0 1 1 1 1 1 0 1 1 1 1],0.36806,0.51194,0.531,0.62,0.531,0.531,0.531,7.0,5.0,5.0,5.0,6.0,7.0,5.0
23,"[0, 2, 4]","[1, 1, 1]",100.0,10.0,softmax,"[0.1, 0.3]","[2, 2]",,affinity bad warp,[0 4 0 1 3 2 3 1 1 3 0 0 0 4 0 3 4 0 4 4],0.24619,0.08765,0.24387,0.088,0.16744,0.35517,0.22759,22.0,29.0,24.0,31.0,29.0,22.0,24.0
24,"[0, 2, 4]","[1, 1, 1]",100.0,10.0,softmax,"[0.1, 0.3]","[2, 2]",,PCA bad euclid,[0 0 0 0 0 0 0 0 0 0 1 1 0 1 1 0 1 1 1 1],0.42281,0.59403,0.61904,0.62084,0.62824,0.60999,0.61898,1.0,1.0,1.0,1.0,2.0,1.0,1.0
25,"[0, 2, 4]","[1, 1, 1]",100.0,10.0,softmax,"[0.1, 0.3]","[2, 2]",,spectral bad eucsim,[0 1 1 1 1 1 1 1 1 1 0 0 0 0 0 1 0 0 0 0],0.36806,0.51194,0.531,0.62,0.531,0.531,0.531,7.0,5.0,5.0,5.0,6.0,7.0,5.0
26,"[0, 2, 4]","[1, 1, 1]",100.0,10.0,softmax,"[0.1, 0.3]","[2, 2]",,affinity bad eucsim,[2 0 2 0 0 0 0 0 2 0 1 1 2 2 1 0 1 2 2 1],0.30342,0.24084,0.3506,0.2589,0.28081,0.43774,0.34214,12.0,18.0,20.0,18.0,19.0,12.0,21.0
27,"[0, 2, 4]","[1, 1, 1]",100.0,10.0,softmax,"[0.1, 0.3]","[2, 2]",,spectral bad cosine,[1 1 1 1 1 1 1 1 1 1 0 0 1 0 0 1 0 0 0 0],0.42281,0.59403,0.61904,0.62084,0.62824,0.60999,0.61898,1.0,4.0,1.0,1.0,2.0,1.0,1.0
28,"[0, 2, 4]","[1, 1, 1]",100.0,10.0,softmax,"[0.1, 0.3]","[2, 2]",,affinity bad cosine,[2 0 2 0 0 0 0 0 2 0 1 1 2 0 1 0 3 1 2 0],0.21946,0.11604,0.24424,0.10954,0.18841,0.31662,0.23624,23.0,26.0,23.0,30.0,28.0,23.0,23.0
29,"[0, 2, 4]","[1, 1, 1]",100.0,10.0,softmax,"[0.1, 0.3]","[2, 2]",,spectral bad rbf,[1 0 0 0 0 0 0 0 0 0 1 1 1 1 1 0 1 1 1 1],0.36806,0.51194,0.531,0.62,0.531,0.531,0.531,7.0,5.0,5.0,5.0,6.0,7.0,5.0
30,"[0, 2, 4]","[1, 1, 1]",100.0,10.0,softmax,"[0.1, 0.3]","[2, 2]",,affinity bad rbf,[2 0 2 0 0 0 0 0 2 0 1 1 2 2 1 0 1 2 2 1],0.30342,0.24084,0.3506,0.2589,0.28081,0.43774,0.34214,12.0,18.0,20.0,18.0,19.0,12.0,21.0
31,"[0, 2, 4]","[1, 1, 1]",100.0,10.0,softmax,"[0.1, 0.3]","[2, 2]",,spectral bad edr,[0 1 0 1 0 0 1 0 1 1 1 0 0 1 0 1 1 0 1 0],-0.0,-0.04064,-0.0,-0.05556,-0.0,-0.0,-0.0,51.0,47.0,51.0,51.0,51.0,51.0,51.0
32,"[0, 2, 4]","[1, 1, 1]",100.0,10.0,softmax,"[0.1, 0.3]","[2, 2]",,affinity bad edr,[1 1 1 1 0 0 1 0 1 1 1 0 1 1 0 1 1 1 1 0],0.0,-0.04207,0.0,-0.04626,0.0,0.0,0.0,47.0,52.0,47.0,47.0,47.0,47.0,47.0
33,"[0, 2, 4]","[1, 1, 1]",100.0,10.0,softmax,"[0.1, 0.3]","[2, 2]",,kmeans badset,[1 0 0 0 0 0 0 0 0 0 1 1 1 1 1 0 1 1 1 1],0.36806,0.51194,0.531,0.62,0.531,0.531,0.531,7.0,5.0,5.0,5.0,6.0,7.0,5.0
34,"[0, 2, 4]","[1, 1, 1]",100.0,10.0,softmax,"[0.1, 0.3]","[2, 2]",,complete badset,[0 1 0 1 1 1 1 1 1 1 0 0 0 0 0 1 0 0 0 0],0.2754,0.37278,0.39876,0.46197,0.4002,0.39731,0.39875,15.0,10.0,16.0,9.0,17.0,15.0,16.0
35,"[0, 2, 4]","[1, 1, 1]",100.0,10.0,softmax,"[0.1, 0.3]","[2, 2]",,average badset,[0 0 0 0 0 0 0 0 0 0 1 1 0 1 1 0 1 1 1 1],0.42281,0.59403,0.61904,0.62084,0.62824,0.60999,0.61898,1.0,1.0,1.0,1.0,2.0,1.0,1.0
36,"[0, 2, 4]","[1, 1, 1]",100.0,10.0,softmax,"[0.1, 0.3]","[2, 2]",,ward badset,[0 0 0 0 0 0 0 0 0 0 1 1 0 1 1 0 1 1 1 1],0.42281,0.59403,0.61904,0.62084,0.62824,0.60999,0.61898,1.0,1.0,1.0,1.0,2.0,1.0,1.0
37,"[0, 2, 4]","[1, 1, 1]",100.0,10.0,softmax,"[0.1, 0.3]","[2, 2]",,spectral eblock warp,[0 0 0 0 0 1 0 0 0 0 1 0 0 0 1 0 1 0 1 1],0.10175,0.1109,0.15637,0.12115,0.16657,0.14679,0.15606,32.0,27.0,33.0,26.0,30.0,32.0,31.0
38,"[0, 2, 4]","[1, 1, 1]",100.0,10.0,softmax,"[0.1, 0.3]","[2, 2]",,affinity eblock warp,[2 3 3 1 1 0 1 3 3 1 2 2 3 3 2 2 3 1 3 4],0.16569,0.02885,0.1707,0.0273,0.1219,0.23904,0.16146,27.0,35.0,30.0,34.0,34.0,27.0,30.0
39,"[0, 2, 4]","[1, 1, 1]",100.0,10.0,softmax,"[0.1, 0.3]","[2, 2]",,PCA eblock euclid,[1 1 1 1 1 0 1 0 1 1 0 0 1 1 0 0 0 1 1 0],0.0863,0.08869,0.12636,0.1153,0.12824,0.12451,0.12635,33.0,28.0,34.0,27.0,33.0,33.0,34.0
40,"[0, 2, 4]","[1, 1, 1]",100.0,10.0,softmax,"[0.1, 0.3]","[2, 2]",,spectral eblock eucsim,[1 1 1 1 1 0 1 1 1 1 0 0 1 1 0 0 0 1 1 0],0.1484,0.18162,0.22152,0.21227,0.22921,0.21409,0.22139,29.0,21.0,25.0,23.0,25.0,29.0,25.0
41,"[0, 2, 4]","[1, 1, 1]",100.0,10.0,softmax,"[0.1, 0.3]","[2, 2]",,affinity eblock eucsim,[2 2 4 2 2 0 2 1 4 2 3 3 4 2 3 3 5 3 4 5],0.41098,0.17414,0.3945,0.21739,0.26248,0.59291,0.36388,5.0,24.0,17.0,21.0,22.0,5.0,17.0
42,"[0, 2, 4]","[1, 1, 1]",100.0,10.0,softmax,"[0.1, 0.3]","[2, 2]",,spectral eblock cosine,[0 0 0 0 0 0 0 0 0 0 1 1 0 0 1 1 1 0 0 1],0.27436,0.3704,0.42163,0.3304,0.44913,0.39582,0.42079,16.0,13.0,9.0,11.0,10.0,16.0,9.0
43,"[0, 2, 4]","[1, 1, 1]",100.0,10.0,softmax,"[0.1, 0.3]","[2, 2]",,affinity eblock cosine,[1 1 3 1 1 0 1 1 3 1 2 2 3 1 2 2 4 2 1 2],0.3593,0.19321,0.37783,0.26757,0.2754,0.51836,0.3597,11.0,20.0,19.0,17.0,21.0,11.0,19.0
44,"[0, 2, 4]","[1, 1, 1]",100.0,10.0,softmax,"[0.1, 0.3]","[2, 2]",,spectral eblock rbf,[0 0 0 0 0 1 0 0 0 0 1 1 0 0 1 1 1 1 1 1],0.2754,0.37278,0.39876,0.46197,0.4002,0.39731,0.39875,14.0,9.0,15.0,9.0,16.0,14.0,15.0
45,"[0, 2, 4]","[1, 1, 1]",100.0,10.0,softmax,"[0.1, 0.3]","[2, 2]",,affinity eblock rbf,[2 2 4 2 2 0 2 1 4 2 3 3 4 2 3 3 5 3 4 5],0.41098,0.17414,0.3945,0.21739,0.26248,0.59291,0.36388,5.0,24.0,17.0,21.0,22.0,5.0,17.0
46,"[0, 2, 4]","[1, 1, 1]",100.0,10.0,softmax,"[0.1, 0.3]","[2, 2]",,spectral eblock edr,[1 0 0 1 0 1 1 1 0 1 1 1 0 1 1 1 0 1 0 0],0.0,-0.04091,0.0,-0.05322,0.0,0.0,0.0,48.0,50.0,48.0,48.0,48.0,48.0,48.0
47,"[0, 2, 4]","[1, 1, 1]",100.0,10.0,softmax,"[0.1, 0.3]","[2, 2]",,affinity eblock edr,[0 0 0 0 0 0 0 0 0 0 0 0 0 0 0 0 0 0 0 0],0.0,0.0,0.0,0.0,1.0,0.0,0.0,46.0,37.0,46.0,38.0,1.0,46.0,46.0
48,"[0, 2, 4]","[1, 1, 1]",100.0,10.0,softmax,"[0.1, 0.3]","[2, 2]",,kmeans eblockset,[0 0 0 0 0 1 0 0 0 0 1 1 0 0 1 1 1 0 0 1],0.1484,0.18162,0.22152,0.21227,0.22921,0.21409,0.22139,29.0,23.0,25.0,23.0,25.0,29.0,25.0
49,"[0, 2, 4]","[1, 1, 1]",100.0,10.0,softmax,"[0.1, 0.3]","[2, 2]",,complete eblockset,[1 1 1 1 1 0 1 1 1 1 0 0 1 1 0 0 0 1 1 0],0.1484,0.18162,0.22152,0.21227,0.22921,0.21409,0.22139,29.0,21.0,25.0,23.0,25.0,29.0,25.0
50,"[0, 2, 4]","[1, 1, 1]",100.0,10.0,softmax,"[0.1, 0.3]","[2, 2]",,average eblockset,[1 1 1 1 1 0 1 1 1 1 1 1 1 1 1 1 0 1 1 0],0.00997,-0.0342,0.01841,-0.01731,0.02358,0.01438,0.01786,42.0,45.0,42.0,42.0,43.0,42.0,42.0
51,"[0, 2, 4]","[1, 1, 1]",100.0,10.0,softmax,"[0.1, 0.3]","[2, 2]",,ward eblockset,[0 0 0 0 0 0 0 0 0 0 1 1 0 0 1 1 1 0 0 1],0.27436,0.3704,0.42163,0.3304,0.44913,0.39582,0.42079,16.0,13.0,9.0,11.0,10.0,16.0,9.0
52,"[0, 2, 4]","[1, 1, 1]",100.0,10.0,softmax,"[0.1, 0.5]","[2, 2]",,spectral warp,[0 0 0 0 0 1 0 1 0 0 0 1 0 1 0 0 1 1 1 0],0.05067,0.0348,0.07564,0.04422,0.07826,0.0731,0.0756,21.0,10.0,21.0,7.0,18.0,21.0,20.0
53,"[0, 2, 4]","[1, 1, 1]",100.0,10.0,softmax,"[0.1, 0.5]","[2, 2]",,aff prop,[0 0 0 0 2 1 0 3 0 0 2 2 2 3 2 2 1 1 3 2],0.35865,0.21903,0.37724,0.32992,0.27504,0.51743,0.35916,1.0,1.0,1.0,1.0,2.0,1.0,1.0
54,"[0, 2, 4]","[1, 1, 1]",100.0,10.0,softmax,"[0.1, 0.5]","[2, 2]",,pca,[1 1 1 1 1 0 1 0 1 1 1 0 1 0 1 0 0 0 0 1],0.0863,0.08869,0.12636,0.1153,0.12824,0.12451,0.12635,12.0,4.0,13.0,4.0,10.0,12.0,12.0
55,"[0, 2, 4]","[1, 1, 1]",100.0,10.0,softmax,"[0.1, 0.5]","[2, 2]",,spectral overlap,[1 1 0 0 0 0 0 1 1 1 1 0 0 1 1 1 0 1 0 0],-0.0,-0.04064,-0.0,-0.05556,-0.0,-0.0,-0.0,50.0,44.0,50.0,49.0,50.0,50.0,50.0
56,"[0, 2, 4]","[1, 1, 1]",100.0,10.0,softmax,"[0.1, 0.5]","[2, 2]",,km_choice,[1 1 0 1 0 1 1 1 1 0 0 0 1 1 0 1 1 1 1 1],0.0,-0.04207,0.0,-0.04626,0.0,0.0,0.0,47.0,48.0,47.0,45.0,47.0,47.0,47.0
57,"[0, 2, 4]","[1, 1, 1]",100.0,10.0,softmax,"[0.1, 0.5]","[2, 2]",,km_ent,[1 1 1 1 1 0 1 0 1 1 1 0 1 0 1 1 0 0 0 1],0.05067,0.0348,0.07564,0.04422,0.07826,0.0731,0.0756,21.0,9.0,21.0,7.0,18.0,21.0,20.0
58,"[0, 2, 4]","[1, 1, 1]",100.0,10.0,softmax,"[0.1, 0.5]","[2, 2]",,km_con,[0 0 0 0 0 1 0 1 0 0 0 1 0 1 0 0 1 1 1 0],0.05067,0.0348,0.07564,0.04422,0.07826,0.0731,0.0756,21.0,10.0,21.0,7.0,18.0,21.0,20.0
59,"[0, 2, 4]","[1, 1, 1]",100.0,10.0,softmax,"[0.1, 0.5]","[2, 2]",,spect_cos_cat,[1 0 1 0 1 0 0 0 0 1 1 1 1 0 1 1 0 1 0 1],0.0462,0.02866,0.0669,0.03998,0.06714,0.06665,0.0669,25.0,13.0,27.0,11.0,24.0,25.0,27.0
60,"[0, 2, 4]","[1, 1, 1]",100.0,10.0,softmax,"[0.1, 0.5]","[2, 2]",,aff_cos_cat,[0 1 1 1 0 1 1 0 1 0 0 0 0 1 1 0 0 0 1 0],0.0462,0.02866,0.0669,0.03998,0.06714,0.06665,0.0669,25.0,14.0,27.0,11.0,24.0,25.0,27.0
61,"[0, 2, 4]","[1, 1, 1]",100.0,10.0,softmax,"[0.1, 0.5]","[2, 2]",,spect_cos_ent,[0 0 0 0 0 0 0 0 0 0 0 1 0 1 0 1 1 0 0 0],0.1639,0.20158,0.27829,0.13072,0.32753,0.23645,0.27464,2.0,2.0,2.0,3.0,1.0,2.0,2.0
62,"[0, 2, 4]","[1, 1, 1]",100.0,10.0,softmax,"[0.1, 0.5]","[2, 2]",,aff_cos_ent,[0 1 0 0 0 2 1 2 0 1 0 2 2 1 2 3 4 2 1 0],0.12455,-0.00412,0.12759,0.00456,0.09059,0.17968,0.12045,7.0,25.0,12.0,21.0,15.0,7.0,13.0
63,"[0, 2, 4]","[1, 1, 1]",100.0,10.0,softmax,"[0.1, 0.5]","[2, 2]",,spect_rbf,[0 0 0 0 0 1 0 1 0 0 0 1 0 1 0 0 1 1 1 0],0.05067,0.0348,0.07564,0.04422,0.07826,0.0731,0.0756,21.0,10.0,21.0,7.0,18.0,21.0,20.0
64,"[0, 2, 4]","[1, 1, 1]",100.0,10.0,softmax,"[0.1, 0.5]","[2, 2]",,spect_esk_sim,[0 0 1 0 0 0 0 0 0 1 1 0 0 0 1 0 0 0 1 0],0.0067,-0.0333,0.01073,-0.03068,0.01192,0.00967,0.01068,39.0,40.0,38.0,34.0,38.0,39.0,38.0
65,"[0, 2, 4]","[1, 1, 1]",100.0,10.0,softmax,"[0.1, 0.5]","[2, 2]",,aff_esk_sim,[0 1 3 1 3 3 0 3 1 3 0 3 0 1 2 3 3 3 3 3],0.0631,-0.03279,0.07153,-0.03714,0.05622,0.09103,0.06951,20.0,33.0,26.0,37.0,28.0,20.0,25.0
66,"[0, 2, 4]","[1, 1, 1]",100.0,10.0,softmax,"[0.1, 0.5]","[2, 2]",,spect_lin_sim,[0 0 1 0 0 0 0 0 0 1 1 1 0 0 1 0 0 0 0 0],0.0067,-0.0333,0.01073,-0.03068,0.01192,0.00967,0.01068,39.0,40.0,38.0,34.0,38.0,39.0,38.0
67,"[0, 2, 4]","[1, 1, 1]",100.0,10.0,softmax,"[0.1, 0.5]","[2, 2]",,aff_lin_sim,[0 2 3 2 1 1 0 1 2 3 0 3 0 2 3 0 2 1 1 1],0.01007,-0.06162,0.01031,-0.07424,0.00732,0.01452,0.00973,36.0,52.0,40.0,52.0,46.0,36.0,40.0
68,"[0, 2, 4]","[1, 1, 1]",100.0,10.0,softmax,"[0.1, 0.5]","[2, 2]",,comp_hr_esk_dis,[0 1 0 1 1 1 1 1 0 0 0 0 0 1 0 1 1 1 0 1],0.00506,-0.03311,0.00733,-0.04442,0.00735,0.0073,0.00733,43.0,36.0,43.0,41.0,42.0,43.0,43.0
69,"[0, 2, 4]","[1, 1, 1]",100.0,10.0,softmax,"[0.1, 0.5]","[2, 2]",,avg_hr_esk_dis,[0 0 1 0 0 0 0 0 0 0 0 0 0 0 1 0 0 0 1 0],0.00997,-0.0342,0.01841,-0.01731,0.02358,0.01438,0.01786,37.0,42.0,36.0,31.0,36.0,37.0,36.0
70,"[0, 2, 4]","[1, 1, 1]",100.0,10.0,softmax,"[0.1, 0.5]","[2, 2]",,comp_hr_lin_din,[0 1 0 0 0 1 1 1 0 0 0 0 0 1 0 0 1 1 1 0],0.0,-0.04091,0.0,-0.05322,0.0,0.0,0.0,49.0,47.0,49.0,48.0,49.0,49.0,49.0
71,"[0, 2, 4]","[1, 1, 1]",100.0,10.0,softmax,"[0.1, 0.5]","[2, 2]",,avg_hr_lin_dis,[0 0 0 0 0 0 0 0 0 0 0 1 0 0 1 0 0 0 0 0],0.07488,0.05993,0.15775,0.02146,0.23035,0.10803,0.14708,15.0,5.0,4.0,16.0,3.0,15.0,4.0
72,"[0, 2, 4]","[1, 1, 1]",100.0,10.0,softmax,"[0.1, 0.5]","[2, 2]",,spect_edr,[0 1 0 1 0 1 0 0 1 1 0 1 0 1 1 0 1 1 1 0],0.00506,-0.03311,0.00733,-0.04442,0.00735,0.0073,0.00733,43.0,36.0,43.0,41.0,42.0,43.0,43.0
73,"[0, 2, 4]","[1, 1, 1]",100.0,10.0,softmax,"[0.1, 0.5]","[2, 2]",,aff_edr,[0 0 1 1 0 2 0 0 1 1 0 1 0 2 1 1 2 2 2 1],0.08139,0.02395,0.09405,0.02261,0.07533,0.11743,0.09178,14.0,17.0,19.0,15.0,22.0,14.0,17.0
74,"[0, 2, 4]","[1, 1, 1]",100.0,10.0,softmax,"[0.1, 0.5]","[2, 2]",,spectral bad warp,[1 0 0 0 1 1 0 1 0 0 0 0 0 1 0 0 1 1 0 0],0.00551,-0.03305,0.00822,-0.0398,0.00851,0.00795,0.00822,41.0,35.0,41.0,39.0,40.0,41.0,41.0
75,"[0, 2, 4]","[1, 1, 1]",100.0,10.0,softmax,"[0.1, 0.5]","[2, 2]",,affinity bad warp,[0 0 2 0 1 1 0 1 1 2 2 3 0 1 2 2 4 1 0 0],0.09492,-0.02791,0.09724,-0.03872,0.06905,0.13694,0.0918,10.0,32.0,16.0,38.0,23.0,10.0,16.0
76,"[0, 2, 4]","[1, 1, 1]",100.0,10.0,softmax,"[0.1, 0.5]","[2, 2]",,PCA bad euclid,[0 0 0 0 0 0 0 0 0 0 0 1 0 0 1 0 0 0 0 0],0.07488,0.05993,0.15775,0.02146,0.23035,0.10803,0.14708,15.0,5.0,4.0,16.0,3.0,15.0,4.0
77,"[0, 2, 4]","[1, 1, 1]",100.0,10.0,softmax,"[0.1, 0.5]","[2, 2]",,spectral bad eucsim,[0 0 0 0 1 1 0 1 0 0 0 0 0 1 0 0 1 1 0 0],0.0,-0.04207,0.0,-0.04626,0.0,0.0,0.0,47.0,49.0,47.0,45.0,47.0,47.0,47.0
78,"[0, 2, 4]","[1, 1, 1]",100.0,10.0,softmax,"[0.1, 0.5]","[2, 2]",,affinity bad eucsim,[4 2 2 2 1 0 2 1 1 2 1 3 1 0 3 2 1 0 4 4],0.15908,0.02088,0.15489,0.03205,0.10454,0.2295,0.14364,3.0,19.0,8.0,14.0,12.0,3.0,8.0
79,"[0, 2, 4]","[1, 1, 1]",100.0,10.0,softmax,"[0.1, 0.5]","[2, 2]",,spectral bad cosine,[1 1 0 0 0 0 1 0 0 0 0 0 1 0 0 0 1 1 1 1],0.02101,-0.00937,0.03076,-0.01109,0.03121,0.03031,0.03075,33.0,29.0,33.0,26.0,33.0,33.0,33.0
80,"[0, 2, 4]","[1, 1, 1]",100.0,10.0,softmax,"[0.1, 0.5]","[2, 2]",,affinity bad cosine,[1 1 1 1 0 0 1 0 0 1 0 2 0 1 2 1 3 1 1 1],0.12324,0.02435,0.1431,-0.01348,0.11517,0.17779,0.13979,8.0,16.0,11.0,29.0,11.0,8.0,9.0
81,"[0, 2, 4]","[1, 1, 1]",100.0,10.0,softmax,"[0.1, 0.5]","[2, 2]",,spectral bad rbf,[1 0 0 0 1 1 1 1 0 0 0 0 1 0 0 0 1 1 1 1],-0.0,-0.04064,-0.0,-0.05556,-0.0,-0.0,-0.0,50.0,44.0,50.0,49.0,50.0,50.0,50.0
82,"[0, 2, 4]","[1, 1, 1]",100.0,10.0,softmax,"[0.1, 0.5]","[2, 2]",,affinity bad rbf,[0 1 1 1 0 0 1 0 0 1 0 2 0 0 2 1 0 0 1 1],0.08195,0.02164,0.10134,-0.02242,0.08687,0.11823,0.10015,13.0,18.0,15.0,33.0,17.0,13.0,15.0
83,"[0, 2, 4]","[1, 1, 1]",100.0,10.0,softmax,"[0.1, 0.5]","[2, 2]",,spectral bad edr,[0 0 1 1 0 0 0 1 1 1 1 1 0 1 1 1 0 1 1 0],0.02101,-0.00937,0.03076,-0.01109,0.03121,0.03031,0.03075,33.0,30.0,33.0,26.0,33.0,33.0,33.0
84,"[0, 2, 4]","[1, 1, 1]",100.0,10.0,softmax,"[0.1, 0.5]","[2, 2]",,affinity bad edr,[0 0 1 1 0 0 0 1 1 1 1 1 0 1 1 1 0 0 1 0],0.00506,-0.03311,0.00733,-0.04442,0.00735,0.0073,0.00733,43.0,36.0,43.0,41.0,42.0,43.0,43.0
85,"[0, 2, 4]","[1, 1, 1]",100.0,10.0,softmax,"[0.1, 0.5]","[2, 2]",,kmeans badset,[0 0 1 0 0 0 0 0 0 0 0 1 0 0 1 0 0 0 0 0],0.00997,-0.0342,0.01841,-0.01731,0.02358,0.01438,0.01786,37.0,42.0,36.0,31.0,36.0,37.0,36.0
86,"[0, 2, 4]","[1, 1, 1]",100.0,10.0,softmax,"[0.1, 0.5]","[2, 2]",,complete badset,[1 0 0 0 1 1 1 1 1 0 0 0 1 1 0 0 1 1 0 1],0.00506,-0.03311,0.00733,-0.04442,0.00735,0.0073,0.00733,43.0,36.0,43.0,41.0,42.0,43.0,43.0
87,"[0, 2, 4]","[1, 1, 1]",100.0,10.0,softmax,"[0.1, 0.5]","[2, 2]",,average badset,[0 0 0 0 0 0 0 0 0 0 0 1 0 0 1 0 0 0 0 0],0.07488,0.05993,0.15775,0.02146,0.23035,0.10803,0.14708,15.0,5.0,4.0,16.0,3.0,15.0,4.0
88,"[0, 2, 4]","[1, 1, 1]",100.0,10.0,softmax,"[0.1, 0.5]","[2, 2]",,ward badset,[0 0 0 0 0 0 0 0 0 0 0 1 0 0 1 0 0 0 0 0],0.07488,0.05993,0.15775,0.02146,0.23035,0.10803,0.14708,15.0,5.0,4.0,16.0,3.0,15.0,4.0
89,"[0, 2, 4]","[1, 1, 1]",100.0,10.0,softmax,"[0.1, 0.5]","[2, 2]",,spectral eblock warp,[0 0 0 0 0 1 0 1 0 0 0 1 1 1 0 1 1 1 1 0],0.13251,0.15824,0.19186,0.20877,0.19256,0.19116,0.19186,6.0,3.0,3.0,2.0,7.0,6.0,3.0
90,"[0, 2, 4]","[1, 1, 1]",100.0,10.0,softmax,"[0.1, 0.5]","[2, 2]",,affinity eblock warp,[0 0 1 1 0 4 0 4 1 1 1 2 0 4 1 1 3 4 4 1],0.12253,-0.00626,0.12624,-0.01593,0.09015,0.17678,0.11941,9.0,28.0,14.0,30.0,16.0,9.0,14.0
91,"[0, 2, 4]","[1, 1, 1]",100.0,10.0,softmax,"[0.1, 0.5]","[2, 2]",,PCA eblock euclid,[1 1 0 1 1 1 1 1 1 1 1 1 1 1 1 1 0 0 0 1],0.03243,0.00325,0.05506,0.00654,0.06481,0.04678,0.05434,30.0,22.0,30.0,20.0,27.0,30.0,30.0
92,"[0, 2, 4]","[1, 1, 1]",100.0,10.0,softmax,"[0.1, 0.5]","[2, 2]",,spectral eblock eucsim,[1 0 1 0 0 1 0 0 0 0 1 0 1 0 0 0 1 1 1 1],0.0462,0.02866,0.0669,0.03998,0.06714,0.06665,0.0669,25.0,14.0,27.0,11.0,24.0,25.0,27.0
93,"[0, 2, 4]","[1, 1, 1]",100.0,10.0,softmax,"[0.1, 0.5]","[2, 2]",,affinity eblock eucsim,[0 0 4 2 0 1 0 1 2 2 1 1 1 2 1 1 3 4 4 0],0.15071,0.01649,0.14929,0.04457,0.1025,0.21743,0.13933,4.0,20.0,9.0,5.0,13.0,4.0,10.0
94,"[0, 2, 4]","[1, 1, 1]",100.0,10.0,softmax,"[0.1, 0.5]","[2, 2]",,spectral eblock cosine,[0 1 0 1 1 1 0 1 1 1 0 1 0 1 1 1 1 0 0 1],0.00551,-0.03305,0.00822,-0.0398,0.00851,0.00795,0.00822,41.0,34.0,41.0,39.0,40.0,41.0,41.0
95,"[0, 2, 4]","[1, 1, 1]",100.0,10.0,softmax,"[0.1, 0.5]","[2, 2]",,affinity eblock cosine,[0 0 1 2 0 3 0 3 2 2 3 3 0 2 3 2 4 3 1 0],0.07367,-0.04246,0.07351,-0.03084,0.05084,0.10628,0.06878,19.0,50.0,25.0,36.0,30.0,19.0,26.0
96,"[0, 2, 4]","[1, 1, 1]",100.0,10.0,softmax,"[0.1, 0.5]","[2, 2]",,spectral eblock rbf,[1 0 1 0 0 1 1 0 0 0 1 0 1 0 0 0 1 1 1 1],0.02014,-0.01041,0.02905,-0.01333,0.02905,0.02905,0.02905,35.0,31.0,35.0,28.0,35.0,35.0,35.0
97,"[0, 2, 4]","[1, 1, 1]",100.0,10.0,softmax,"[0.1, 0.5]","[2, 2]",,affinity eblock rbf,[0 0 4 2 0 1 0 1 2 2 1 1 1 2 1 1 3 4 4 0],0.15071,0.01649,0.14929,0.04457,0.1025,0.21743,0.13933,4.0,20.0,9.0,5.0,13.0,4.0,10.0
98,"[0, 2, 4]","[1, 1, 1]",100.0,10.0,softmax,"[0.1, 0.5]","[2, 2]",,spectral eblock edr,[0 0 0 1 0 0 0 0 0 1 1 1 0 0 0 1 0 0 1 0],0.02416,-0.00575,0.03712,-0.00441,0.03955,0.03485,0.03705,31.0,26.0,31.0,24.0,31.0,31.0,31.0
99,"[0, 2, 4]","[1, 1, 1]",100.0,10.0,softmax,"[0.1, 0.5]","[2, 2]",,affinity eblock edr,[0 2 4 5 0 1 2 3 3 5 5 5 2 1 4 5 3 3 5 2],0.0863,-0.05379,0.07961,-0.04828,0.05089,0.12451,0.07226,11.0,51.0,20.0,47.0,29.0,11.0,24.0
100,"[0, 2, 4]","[1, 1, 1]",100.0,10.0,softmax,"[0.1, 0.5]","[2, 2]",,kmeans eblockset,[1 0 0 0 0 1 0 0 0 0 0 0 1 0 0 0 1 1 1 0],0.02416,-0.00575,0.03712,-0.00441,0.03955,0.03485,0.03705,31.0,26.0,31.0,24.0,31.0,31.0,31.0
101,"[0, 2, 4]","[1, 1, 1]",100.0,10.0,softmax,"[0.1, 0.5]","[2, 2]",,complete eblockset,[0 0 0 0 0 0 0 0 0 0 0 0 0 0 0 0 1 0 0 0],0.03597,0.0,0.09698,0.0,0.18121,0.0519,0.08069,28.0,23.0,17.0,22.0,8.0,28.0,18.0
102,"[0, 2, 4]","[1, 1, 1]",100.0,10.0,softmax,"[0.1, 0.5]","[2, 2]",,average eblockset,[0 0 0 0 0 0 0 0 0 0 0 0 0 0 0 0 1 0 0 0],0.03597,0.0,0.09698,0.0,0.18121,0.0519,0.08069,28.0,23.0,17.0,22.0,8.0,28.0,18.0
103,"[0, 2, 4]","[1, 1, 1]",100.0,10.0,softmax,"[0.1, 0.5]","[2, 2]",,ward eblockset,[0 0 0 1 0 1 0 1 1 1 1 1 0 1 1 1 0 0 0 0],-0.0,-0.04064,-0.0,-0.05556,-0.0,-0.0,-0.0,50.0,44.0,50.0,49.0,50.0,50.0,50.0
104,"[0, 2, 4]","[1, 1, 1]",100.0,10.0,softmax,"[0.1, 0.7]","[2, 2]",,spectral warp,[1 1 1 1 1 1 0 0 1 1 0 0 0 0 0 0 0 0 0 0],0.42281,0.59403,0.61904,0.62084,0.62824,0.60999,0.61898,4.0,1.0,1.0,1.0,1.0,4.0,1.0
105,"[0, 2, 4]","[1, 1, 1]",100.0,10.0,softmax,"[0.1, 0.7]","[2, 2]",,aff prop,[2 2 0 0 2 2 1 1 2 2 3 3 1 1 1 1 3 3 3 3],0.50219,0.33526,0.52624,0.3508,0.38223,0.72451,0.50045,2.0,15.0,4.0,8.0,17.0,2.0,5.0
106,"[0, 2, 4]","[1, 1, 1]",100.0,10.0,softmax,"[0.1, 0.7]","[2, 2]",,pca,[0 0 0 0 0 0 0 0 0 0 1 1 0 0 0 0 1 1 1 1],0.27436,0.3704,0.42163,0.3304,0.44913,0.39582,0.42079,18.0,9.0,8.0,9.0,4.0,18.0,7.0
107,"[0, 2, 4]","[1, 1, 1]",100.0,10.0,softmax,"[0.1, 0.7]","[2, 2]",,spectral overlap,[1 0 1 1 1 0 0 1 1 0 0 1 1 0 0 1 0 1 1 1],0.0,-0.04091,0.0,-0.05322,0.0,0.0,0.0,51.0,51.0,51.0,51.0,51.0,51.0,51.0
108,"[0, 2, 4]","[1, 1, 1]",100.0,10.0,softmax,"[0.1, 0.7]","[2, 2]",,km_choice,[0 1 0 0 0 0 0 1 0 0 1 1 0 1 1 1 1 1 1 1],0.2754,0.37278,0.39876,0.46197,0.4002,0.39731,0.39875,16.0,4.0,19.0,4.0,13.0,16.0,18.0
109,"[0, 2, 4]","[1, 1, 1]",100.0,10.0,softmax,"[0.1, 0.7]","[2, 2]",,km_ent,[1 1 1 1 1 1 1 1 1 1 0 0 1 1 1 1 0 0 0 0],0.27436,0.3704,0.42163,0.3304,0.44913,0.39582,0.42079,18.0,6.0,8.0,9.0,4.0,18.0,7.0
110,"[0, 2, 4]","[1, 1, 1]",100.0,10.0,softmax,"[0.1, 0.7]","[2, 2]",,km_con,[0 0 0 0 0 0 0 0 0 0 1 1 0 0 0 0 1 1 1 1],0.27436,0.3704,0.42163,0.3304,0.44913,0.39582,0.42079,18.0,9.0,8.0,9.0,4.0,18.0,7.0
111,"[0, 2, 4]","[1, 1, 1]",100.0,10.0,softmax,"[0.1, 0.7]","[2, 2]",,spect_cos_cat,[0 0 0 0 0 0 0 0 0 1 1 1 0 0 0 0 1 1 1 0],0.10175,0.1109,0.15637,0.12115,0.16657,0.14679,0.15606,40.0,39.0,39.0,36.0,41.0,40.0,39.0
112,"[0, 2, 4]","[1, 1, 1]",100.0,10.0,softmax,"[0.1, 0.7]","[2, 2]",,aff_cos_cat,[0 3 1 2 3 0 3 0 0 0 4 4 3 4 4 4 3 4 4 4],0.52489,0.32113,0.54077,0.41638,0.38617,0.75726,0.5115,1.0,16.0,3.0,7.0,15.0,1.0,3.0
113,"[0, 2, 4]","[1, 1, 1]",100.0,10.0,softmax,"[0.1, 0.7]","[2, 2]",,spect_cos_ent,[1 1 1 1 1 1 1 1 1 1 0 0 1 1 1 1 0 0 0 0],0.27436,0.3704,0.42163,0.3304,0.44913,0.39582,0.42079,18.0,6.0,8.0,9.0,4.0,18.0,7.0
114,"[0, 2, 4]","[1, 1, 1]",100.0,10.0,softmax,"[0.1, 0.7]","[2, 2]",,aff_cos_ent,[0 0 3 1 0 0 0 1 0 1 2 5 1 0 3 3 2 4 2 5],0.34166,0.1182,0.3206,0.15023,0.20852,0.49291,0.29306,9.0,38.0,25.0,34.0,37.0,9.0,25.0
115,"[0, 2, 4]","[1, 1, 1]",100.0,10.0,softmax,"[0.1, 0.7]","[2, 2]",,spect_rbf,[0 0 0 0 0 0 0 0 0 0 1 1 0 0 0 0 1 1 1 1],0.27436,0.3704,0.42163,0.3304,0.44913,0.39582,0.42079,18.0,9.0,8.0,9.0,4.0,18.0,7.0
116,"[0, 2, 4]","[1, 1, 1]",100.0,10.0,softmax,"[0.1, 0.7]","[2, 2]",,spect_esk_sim,[1 1 1 1 0 1 0 0 0 1 0 0 0 0 0 0 1 0 0 0],0.1484,0.18162,0.22152,0.21227,0.22921,0.21409,0.22139,32.0,28.0,32.0,26.0,30.0,32.0,32.0
117,"[0, 2, 4]","[1, 1, 1]",100.0,10.0,softmax,"[0.1, 0.7]","[2, 2]",,aff_esk_sim,[0 1 1 2 3 0 0 0 0 0 3 3 1 3 3 3 1 0 3 3],0.26027,0.14933,0.28471,0.25722,0.21588,0.37549,0.27414,27.0,34.0,28.0,22.0,36.0,27.0,31.0
118,"[0, 2, 4]","[1, 1, 1]",100.0,10.0,softmax,"[0.1, 0.7]","[2, 2]",,spect_lin_sim,[0 0 0 0 1 0 0 1 0 0 1 1 1 1 1 1 1 1 1 1],0.42281,0.59403,0.61904,0.62084,0.62824,0.60999,0.61898,4.0,2.0,1.0,1.0,1.0,4.0,1.0
119,"[0, 2, 4]","[1, 1, 1]",100.0,10.0,softmax,"[0.1, 0.7]","[2, 2]",,aff_lin_sim,[0 4 1 1 1 1 4 2 0 0 2 3 4 2 3 2 4 0 3 2],0.31695,0.12999,0.30127,0.11603,0.19849,0.45726,0.27682,14.0,35.0,26.0,37.0,38.0,14.0,30.0
120,"[0, 2, 4]","[1, 1, 1]",100.0,10.0,softmax,"[0.1, 0.7]","[2, 2]",,comp_hr_esk_dis,[1 0 0 0 1 0 1 0 1 0 1 1 0 1 1 1 0 1 1 1],0.0863,0.08869,0.12636,0.1153,0.12824,0.12451,0.12635,41.0,40.0,41.0,38.0,42.0,41.0,40.0
121,"[0, 2, 4]","[1, 1, 1]",100.0,10.0,softmax,"[0.1, 0.7]","[2, 2]",,avg_hr_esk_dis,[0 0 0 0 0 0 0 0 0 1 0 0 0 0 0 0 0 0 0 0],0.03597,0.0,0.09698,0.0,0.18121,0.0519,0.08069,48.0,47.0,46.0,47.0,39.0,48.0,46.0
122,"[0, 2, 4]","[1, 1, 1]",100.0,10.0,softmax,"[0.1, 0.7]","[2, 2]",,comp_hr_lin_din,[1 0 0 0 1 0 1 1 1 1 1 1 0 0 0 1 0 1 1 1],0.0,-0.04091,0.0,-0.05322,0.0,0.0,0.0,51.0,51.0,51.0,51.0,51.0,51.0,51.0
123,"[0, 2, 4]","[1, 1, 1]",100.0,10.0,softmax,"[0.1, 0.7]","[2, 2]",,avg_hr_lin_dis,[0 0 1 1 0 1 0 0 0 0 0 0 0 0 0 0 0 0 0 0],0.11728,0.12825,0.21666,0.0649,0.27744,0.16919,0.2102,38.0,36.0,37.0,43.0,25.0,38.0,37.0
124,"[0, 2, 4]","[1, 1, 1]",100.0,10.0,softmax,"[0.1, 0.7]","[2, 2]",,spect_edr,[0 1 1 1 1 1 0 0 1 1 0 0 1 0 0 0 1 0 1 0],0.08228,0.08289,0.11871,0.11333,0.11871,0.11871,0.11871,43.0,42.0,43.0,40.0,44.0,43.0,42.0
125,"[0, 2, 4]","[1, 1, 1]",100.0,10.0,softmax,"[0.1, 0.7]","[2, 2]",,aff_edr,[1 0 0 0 0 0 1 1 0 0 1 1 0 1 1 1 0 1 0 1],0.08228,0.08289,0.11871,0.11333,0.11871,0.11871,0.11871,43.0,42.0,43.0,40.0,44.0,43.0,42.0
126,"[0, 2, 4]","[1, 1, 1]",100.0,10.0,softmax,"[0.1, 0.7]","[2, 2]",,spectral bad warp,[0 0 0 0 0 0 1 1 0 0 1 1 1 1 0 0 1 1 1 1],0.19274,0.24873,0.27807,0.32444,0.27807,0.27807,0.27807,31.0,23.0,31.0,18.0,24.0,31.0,29.0
127,"[0, 2, 4]","[1, 1, 1]",100.0,10.0,softmax,"[0.1, 0.7]","[2, 2]",,affinity bad warp,[0 1 0 0 1 1 1 1 1 0 2 2 1 3 0 0 2 3 3 3],0.35865,0.21467,0.37283,0.20969,0.26864,0.51743,0.35366,7.0,25.0,21.0,33.0,27.0,7.0,21.0
128,"[0, 2, 4]","[1, 1, 1]",100.0,10.0,softmax,"[0.1, 0.7]","[2, 2]",,PCA bad euclid,[0 0 0 0 0 0 0 0 0 0 1 1 0 0 0 0 1 1 1 1],0.27436,0.3704,0.42163,0.3304,0.44913,0.39582,0.42079,18.0,9.0,8.0,9.0,4.0,18.0,7.0
129,"[0, 2, 4]","[1, 1, 1]",100.0,10.0,softmax,"[0.1, 0.7]","[2, 2]",,spectral bad eucsim,[1 1 1 1 1 1 0 0 1 1 0 0 0 0 1 1 0 0 0 0],0.19274,0.24873,0.27807,0.32444,0.27807,0.27807,0.27807,29.0,21.0,29.0,18.0,22.0,29.0,27.0
130,"[0, 2, 4]","[1, 1, 1]",100.0,10.0,softmax,"[0.1, 0.7]","[2, 2]",,affinity bad eucsim,[1 1 0 0 1 1 1 1 1 0 2 2 1 1 1 1 2 2 2 2],0.33263,0.29755,0.40471,0.2221,0.34131,0.47989,0.39891,12.0,18.0,17.0,23.0,19.0,12.0,16.0
131,"[0, 2, 4]","[1, 1, 1]",100.0,10.0,softmax,"[0.1, 0.7]","[2, 2]",,spectral bad cosine,[0 0 0 0 0 0 0 0 0 0 1 1 1 0 0 0 1 1 1 1],0.34201,0.47249,0.51054,0.46434,0.52825,0.49342,0.51024,8.0,3.0,5.0,3.0,3.0,8.0,4.0
132,"[0, 2, 4]","[1, 1, 1]",100.0,10.0,softmax,"[0.1, 0.7]","[2, 2]",,affinity bad cosine,[1 0 0 1 0 0 0 0 1 1 2 3 0 1 1 0 2 3 3 3],0.27726,0.1543,0.29437,0.13636,0.21663,0.4,0.28105,15.0,33.0,27.0,35.0,35.0,15.0,26.0
133,"[0, 2, 4]","[1, 1, 1]",100.0,10.0,softmax,"[0.1, 0.7]","[2, 2]",,spectral bad rbf,[0 0 0 0 0 0 1 0 0 0 1 1 1 1 0 0 1 1 1 1],0.2754,0.37278,0.39876,0.46197,0.4002,0.39731,0.39875,16.0,5.0,19.0,4.0,13.0,16.0,18.0
134,"[0, 2, 4]","[1, 1, 1]",100.0,10.0,softmax,"[0.1, 0.7]","[2, 2]",,affinity bad rbf,[1 1 0 0 1 1 1 1 1 0 2 2 1 1 1 1 2 2 2 2],0.33263,0.29755,0.40471,0.2221,0.34131,0.47989,0.39891,12.0,18.0,17.0,23.0,19.0,12.0,16.0
135,"[0, 2, 4]","[1, 1, 1]",100.0,10.0,softmax,"[0.1, 0.7]","[2, 2]",,spectral bad edr,[0 1 0 0 0 1 1 1 1 1 0 1 1 0 0 0 0 0 1 0],0.0462,0.02866,0.0669,0.03998,0.06714,0.06665,0.0669,47.0,46.0,49.0,46.0,49.0,47.0,49.0
136,"[0, 2, 4]","[1, 1, 1]",100.0,10.0,softmax,"[0.1, 0.7]","[2, 2]",,affinity bad edr,[1 0 1 1 0 0 0 0 0 0 1 0 0 1 1 1 1 1 0 1],0.08228,0.08289,0.11871,0.11333,0.11871,0.11871,0.11871,43.0,42.0,43.0,40.0,44.0,43.0,42.0
137,"[0, 2, 4]","[1, 1, 1]",100.0,10.0,softmax,"[0.1, 0.7]","[2, 2]",,kmeans badset,[1 1 1 1 1 1 0 0 1 1 0 0 0 0 1 1 0 0 0 0],0.19274,0.24873,0.27807,0.32444,0.27807,0.27807,0.27807,29.0,21.0,29.0,18.0,22.0,29.0,27.0
138,"[0, 2, 4]","[1, 1, 1]",100.0,10.0,softmax,"[0.1, 0.7]","[2, 2]",,complete badset,[1 0 1 1 0 0 0 0 1 1 0 0 0 0 1 1 0 0 0 0],0.05067,0.0348,0.07564,0.04422,0.07826,0.0731,0.0756,46.0,45.0,48.0,45.0,48.0,46.0,48.0
139,"[0, 2, 4]","[1, 1, 1]",100.0,10.0,softmax,"[0.1, 0.7]","[2, 2]",,average badset,[0 0 1 1 0 0 0 0 0 1 0 0 0 0 0 0 0 0 0 0],0.11728,0.12825,0.21666,0.0649,0.27744,0.16919,0.2102,38.0,36.0,37.0,43.0,25.0,38.0,37.0
140,"[0, 2, 4]","[1, 1, 1]",100.0,10.0,softmax,"[0.1, 0.7]","[2, 2]",,ward badset,[0 0 0 0 0 0 0 1 0 0 1 1 0 0 0 0 1 1 1 1],0.1484,0.18162,0.22152,0.21227,0.22921,0.21409,0.22139,32.0,28.0,32.0,26.0,30.0,32.0,32.0
141,"[0, 2, 4]","[1, 1, 1]",100.0,10.0,softmax,"[0.1, 0.7]","[2, 2]",,spectral eblock warp,[1 1 1 1 1 1 1 1 1 1 0 0 1 1 1 1 0 0 0 0],0.27436,0.3704,0.42163,0.3304,0.44913,0.39582,0.42079,18.0,6.0,8.0,9.0,4.0,18.0,7.0
142,"[0, 2, 4]","[1, 1, 1]",100.0,10.0,softmax,"[0.1, 0.7]","[2, 2]",,affinity eblock warp,[1 0 0 0 0 0 0 0 0 0 2 2 0 1 1 1 2 3 2 2],0.41814,0.30181,0.46535,0.43139,0.35897,0.60325,0.4501,6.0,17.0,6.0,6.0,18.0,6.0,6.0
143,"[0, 2, 4]","[1, 1, 1]",100.0,10.0,softmax,"[0.1, 0.7]","[2, 2]",,PCA eblock euclid,[0 0 0 0 0 0 0 0 0 0 1 1 0 0 0 0 1 1 1 1],0.27436,0.3704,0.42163,0.3304,0.44913,0.39582,0.42079,18.0,9.0,8.0,9.0,4.0,18.0,7.0
144,"[0, 2, 4]","[1, 1, 1]",100.0,10.0,softmax,"[0.1, 0.7]","[2, 2]",,spectral eblock eucsim,[0 0 0 0 0 0 0 1 0 0 1 1 0 0 0 0 1 1 1 1],0.1484,0.18162,0.22152,0.21227,0.22921,0.21409,0.22139,32.0,28.0,32.0,26.0,30.0,32.0,32.0
145,"[0, 2, 4]","[1, 1, 1]",100.0,10.0,softmax,"[0.1, 0.7]","[2, 2]",,affinity eblock eucsim,[0 1 1 1 1 1 0 1 0 1 2 4 1 0 0 0 4 3 4 4],0.33449,0.16717,0.34589,0.21148,0.24793,0.48257,0.32756,10.0,31.0,22.0,31.0,28.0,10.0,23.0
146,"[0, 2, 4]","[1, 1, 1]",100.0,10.0,softmax,"[0.1, 0.7]","[2, 2]",,spectral eblock cosine,[1 1 1 1 1 1 1 0 1 1 0 0 1 1 1 1 0 0 0 0],0.1484,0.18162,0.22152,0.21227,0.22921,0.21409,0.22139,32.0,26.0,32.0,26.0,30.0,32.0,32.0
147,"[0, 2, 4]","[1, 1, 1]",100.0,10.0,softmax,"[0.1, 0.7]","[2, 2]",,affinity eblock cosine,[1 1 1 0 1 1 2 1 2 0 3 3 0 0 0 2 3 4 3 3],0.42942,0.22172,0.42273,0.26087,0.28845,0.61952,0.39363,3.0,24.0,7.0,21.0,21.0,3.0,20.0
148,"[0, 2, 4]","[1, 1, 1]",100.0,10.0,softmax,"[0.1, 0.7]","[2, 2]",,spectral eblock rbf,[1 1 1 1 1 1 1 0 1 1 0 0 1 1 1 1 0 0 0 0],0.1484,0.18162,0.22152,0.21227,0.22921,0.21409,0.22139,32.0,26.0,32.0,26.0,30.0,32.0,32.0
149,"[0, 2, 4]","[1, 1, 1]",100.0,10.0,softmax,"[0.1, 0.7]","[2, 2]",,affinity eblock rbf,[0 1 1 1 1 1 0 1 0 1 2 4 1 0 0 0 4 3 4 4],0.33449,0.16717,0.34589,0.21148,0.24793,0.48257,0.32756,10.0,31.0,22.0,31.0,28.0,10.0,23.0
150,"[0, 2, 4]","[1, 1, 1]",100.0,10.0,softmax,"[0.1, 0.7]","[2, 2]",,spectral eblock edr,[1 0 1 1 0 0 0 0 0 0 0 0 0 1 0 1 0 0 0 0],0.0067,-0.0333,0.01073,-0.03068,0.01192,0.00967,0.01068,50.0,50.0,50.0,49.0,50.0,50.0,50.0
151,"[0, 2, 4]","[1, 1, 1]",100.0,10.0,softmax,"[0.1, 0.7]","[2, 2]",,affinity eblock edr,[0 4 0 0 1 2 2 2 3 4 1 4 4 0 5 0 1 0 2 5],0.13863,-0.01823,0.12887,-0.03676,0.08303,0.2,0.11735,37.0,49.0,40.0,50.0,47.0,37.0,45.0
152,"[0, 2, 4]","[1, 1, 1]",100.0,10.0,softmax,"[0.1, 0.7]","[2, 2]",,kmeans eblockset,[0 0 0 0 0 0 0 0 0 0 1 1 0 0 0 0 1 1 1 1],0.27436,0.3704,0.42163,0.3304,0.44913,0.39582,0.42079,18.0,9.0,8.0,9.0,4.0,18.0,7.0
153,"[0, 2, 4]","[1, 1, 1]",100.0,10.0,softmax,"[0.1, 0.7]","[2, 2]",,complete eblockset,[1 1 1 1 1 1 0 0 1 1 0 0 1 1 1 1 0 0 0 0],0.0863,0.08869,0.12636,0.1153,0.12824,0.12451,0.12635,41.0,40.0,41.0,38.0,42.0,41.0,40.0
154,"[0, 2, 4]","[1, 1, 1]",100.0,10.0,softmax,"[0.1, 0.7]","[2, 2]",,average eblockset,[0 0 0 0 0 0 0 0 0 0 0 0 0 0 0 0 0 1 0 0],0.03597,0.0,0.09698,0.0,0.18121,0.0519,0.08069,48.0,47.0,46.0,47.0,39.0,48.0,46.0
155,"[0, 2, 4]","[1, 1, 1]",100.0,10.0,softmax,"[0.1, 0.7]","[2, 2]",,ward eblockset,[0 0 0 0 0 0 0 0 0 0 0 1 0 0 0 0 1 1 1 1],0.21576,0.28139,0.34559,0.21918,0.38369,0.31128,0.34371,28.0,20.0,24.0,25.0,16.0,28.0,22.0
156,"[0, 2, 4]","[1, 1, 1]",100.0,10.0,softmax,"[0.1, 0.9]","[2, 2]",,spectral warp,[0 1 1 0 1 1 0 1 1 0 0 0 0 0 0 0 1 0 0 1],0.0863,0.08869,0.12636,0.1153,0.12824,0.12451,0.12635,18.0,8.0,14.0,6.0,15.0,18.0,13.0
157,"[0, 2, 4]","[1, 1, 1]",100.0,10.0,softmax,"[0.1, 0.9]","[2, 2]",,aff prop,[1 4 4 1 0 0 1 4 0 2 2 1 3 1 1 2 4 1 1 0],0.10811,-0.01644,0.10804,-0.00799,0.07484,0.15597,0.10114,13.0,35.0,21.0,30.0,27.0,13.0,21.0
158,"[0, 2, 4]","[1, 1, 1]",100.0,10.0,softmax,"[0.1, 0.9]","[2, 2]",,pca,[0 0 0 0 0 0 0 0 0 0 0 0 1 0 0 0 0 0 0 0],0.03597,0.0,0.09698,0.0,0.18121,0.0519,0.08069,31.0,26.0,24.0,25.0,6.0,31.0,24.0
159,"[0, 2, 4]","[1, 1, 1]",100.0,10.0,softmax,"[0.1, 0.9]","[2, 2]",,spectral overlap,[1 0 1 1 0 0 0 1 0 0 1 1 0 1 1 0 0 0 1 0],0.00506,-0.03311,0.00733,-0.04442,0.00735,0.0073,0.00733,45.0,37.0,45.0,41.0,45.0,45.0,45.0
160,"[0, 2, 4]","[1, 1, 1]",100.0,10.0,softmax,"[0.1, 0.9]","[2, 2]",,km_choice,[0 0 0 0 0 1 1 1 1 0 1 1 1 1 1 1 0 1 1 0],0.0863,0.08869,0.12636,0.1153,0.12824,0.12451,0.12635,18.0,11.0,14.0,6.0,15.0,18.0,13.0
161,"[0, 2, 4]","[1, 1, 1]",100.0,10.0,softmax,"[0.1, 0.9]","[2, 2]",,km_ent,[0 0 0 0 0 0 0 0 0 1 1 0 1 0 0 1 0 0 0 0],0.03243,0.00325,0.05506,0.00654,0.06481,0.04678,0.05434,37.0,25.0,34.0,24.0,33.0,37.0,34.0
162,"[0, 2, 4]","[1, 1, 1]",100.0,10.0,softmax,"[0.1, 0.9]","[2, 2]",,km_con,[1 0 0 1 0 1 1 0 1 1 1 1 1 1 1 1 0 1 1 0],0.02416,-0.00575,0.03712,-0.00441,0.03955,0.03485,0.03705,38.0,30.0,36.0,29.0,35.0,38.0,36.0
163,"[0, 2, 4]","[1, 1, 1]",100.0,10.0,softmax,"[0.1, 0.9]","[2, 2]",,spect_cos_cat,[1 1 1 1 1 0 0 1 1 1 0 1 0 0 0 0 1 0 0 1],0.13251,0.15824,0.19186,0.20877,0.19256,0.19116,0.19186,9.0,2.0,7.0,2.0,3.0,9.0,7.0
164,"[0, 2, 4]","[1, 1, 1]",100.0,10.0,softmax,"[0.1, 0.9]","[2, 2]",,aff_cos_cat,[0 0 0 1 0 1 1 1 1 1 1 1 1 1 1 1 2 1 1 3],0.21511,0.14676,0.27683,0.06419,0.24693,0.31034,0.27503,3.0,4.0,1.0,14.0,1.0,3.0,1.0
165,"[0, 2, 4]","[1, 1, 1]",100.0,10.0,softmax,"[0.1, 0.9]","[2, 2]",,spect_cos_ent,[0 1 1 1 1 0 1 0 0 1 0 0 0 1 1 0 1 1 0 0],0.02014,-0.01041,0.02905,-0.01333,0.02905,0.02905,0.02905,40.0,32.0,40.0,32.0,38.0,40.0,40.0
166,"[0, 2, 4]","[1, 1, 1]",100.0,10.0,softmax,"[0.1, 0.9]","[2, 2]",,aff_cos_ent,[1 4 4 4 0 1 1 3 1 0 4 1 2 0 1 3 0 0 3 4],0.07021,-0.0422,0.06912,-0.04348,0.04716,0.10129,0.06436,24.0,47.0,29.0,40.0,34.0,24.0,33.0
167,"[0, 2, 4]","[1, 1, 1]",100.0,10.0,softmax,"[0.1, 0.9]","[2, 2]",,spect_rbf,[1 0 0 1 0 0 0 0 0 1 1 1 1 1 1 1 0 1 1 0],0.13251,0.15824,0.19186,0.20877,0.19256,0.19116,0.19186,9.0,2.0,7.0,2.0,3.0,9.0,7.0
168,"[0, 2, 4]","[1, 1, 1]",100.0,10.0,softmax,"[0.1, 0.9]","[2, 2]",,spect_esk_sim,[0 1 0 0 1 0 1 1 1 0 1 0 0 0 0 0 1 0 1 1],0.00506,-0.03311,0.00733,-0.04442,0.00735,0.0073,0.00733,45.0,37.0,45.0,41.0,45.0,45.0,45.0
169,"[0, 2, 4]","[1, 1, 1]",100.0,10.0,softmax,"[0.1, 0.9]","[2, 2]",,aff_esk_sim,[4 0 4 3 1 1 1 4 1 4 2 3 3 4 3 3 2 4 3 1],0.24192,0.08507,0.2414,0.09937,0.16696,0.34902,0.22587,2.0,13.0,3.0,12.0,10.0,2.0,3.0
170,"[0, 2, 4]","[1, 1, 1]",100.0,10.0,softmax,"[0.1, 0.9]","[2, 2]",,spect_lin_sim,[1 1 1 1 1 0 1 1 1 0 1 0 0 0 0 0 1 0 1 1],0.0863,0.08869,0.12636,0.1153,0.12824,0.12451,0.12635,18.0,11.0,14.0,6.0,15.0,18.0,13.0
171,"[0, 2, 4]","[1, 1, 1]",100.0,10.0,softmax,"[0.1, 0.9]","[2, 2]",,aff_lin_sim,[0 0 1 2 0 3 3 0 0 1 2 1 3 1 3 3 2 1 3 0],0.10329,0.0099,0.10664,0.03537,0.07632,0.14902,0.10094,14.0,23.0,23.0,23.0,26.0,14.0,22.0
172,"[0, 2, 4]","[1, 1, 1]",100.0,10.0,softmax,"[0.1, 0.9]","[2, 2]",,comp_hr_esk_dis,[1 0 1 1 1 1 1 0 0 1 1 1 1 1 1 0 1 1 0 1],0.0067,-0.0333,0.01073,-0.03068,0.01192,0.00967,0.01068,42.0,42.0,42.0,36.0,42.0,42.0,42.0
173,"[0, 2, 4]","[1, 1, 1]",100.0,10.0,softmax,"[0.1, 0.9]","[2, 2]",,avg_hr_esk_dis,[0 0 0 0 0 0 0 0 0 0 0 0 0 0 0 1 0 0 0 0],0.03597,0.0,0.09698,0.0,0.18121,0.0519,0.08069,31.0,26.0,24.0,25.0,6.0,31.0,24.0
174,"[0, 2, 4]","[1, 1, 1]",100.0,10.0,softmax,"[0.1, 0.9]","[2, 2]",,comp_hr_lin_din,[0 0 1 0 0 0 0 0 0 1 0 1 1 1 1 1 0 1 0 0],0.0863,0.08869,0.12636,0.1153,0.12824,0.12451,0.12635,18.0,8.0,14.0,6.0,15.0,18.0,13.0
175,"[0, 2, 4]","[1, 1, 1]",100.0,10.0,softmax,"[0.1, 0.9]","[2, 2]",,avg_hr_lin_dis,[1 1 0 1 1 0 1 0 1 0 1 0 0 0 0 0 1 0 0 1],0.0462,0.02866,0.0669,0.03998,0.06714,0.06665,0.0669,26.0,21.0,30.0,19.0,29.0,26.0,29.0
176,"[0, 2, 4]","[1, 1, 1]",100.0,10.0,softmax,"[0.1, 0.9]","[2, 2]",,spect_edr,[0 1 1 0 0 0 0 1 0 0 0 0 0 0 0 0 1 0 0 1],0.0067,-0.0333,0.01073,-0.03068,0.01192,0.00967,0.01068,42.0,42.0,42.0,36.0,42.0,42.0,42.0
177,"[0, 2, 4]","[1, 1, 1]",100.0,10.0,softmax,"[0.1, 0.9]","[2, 2]",,aff_edr,[0 1 3 6 2 2 4 3 4 5 6 5 7 8 2 4 3 0 0 8],0.17261,-0.05935,0.1421,-0.04638,0.08109,0.24902,0.12234,7.0,52.0,12.0,46.0,24.0,7.0,18.0
178,"[0, 2, 4]","[1, 1, 1]",100.0,10.0,softmax,"[0.1, 0.9]","[2, 2]",,spectral bad warp,[0 1 1 0 1 1 0 1 1 0 0 1 0 0 0 0 0 0 0 0],0.1484,0.18162,0.22152,0.21227,0.22921,0.21409,0.22139,8.0,1.0,4.0,1.0,2.0,8.0,4.0
179,"[0, 2, 4]","[1, 1, 1]",100.0,10.0,softmax,"[0.1, 0.9]","[2, 2]",,affinity bad warp,[2 0 1 2 1 0 0 1 0 2 3 0 3 0 2 2 0 3 3 2],0.24619,0.12422,0.25591,0.05812,0.1844,0.35517,0.24276,1.0,5.0,2.0,17.0,5.0,1.0,2.0
180,"[0, 2, 4]","[1, 1, 1]",100.0,10.0,softmax,"[0.1, 0.9]","[2, 2]",,PCA bad euclid,[0 0 0 0 1 0 0 0 0 0 1 0 1 1 0 0 1 1 0 0],0.10175,0.1109,0.15637,0.12115,0.16657,0.14679,0.15606,15.0,6.0,10.0,4.0,11.0,15.0,9.0
181,"[0, 2, 4]","[1, 1, 1]",100.0,10.0,softmax,"[0.1, 0.9]","[2, 2]",,spectral bad eucsim,[1 1 1 0 0 1 0 1 1 1 0 1 1 0 1 0 0 0 1 0],0.0462,0.02866,0.0669,0.03998,0.06714,0.06665,0.0669,26.0,19.0,30.0,19.0,29.0,26.0,29.0
182,"[0, 2, 4]","[1, 1, 1]",100.0,10.0,softmax,"[0.1, 0.9]","[2, 2]",,affinity bad eucsim,[3 2 2 0 1 1 1 2 2 1 0 3 3 1 3 1 1 1 3 0],0.19531,0.08394,0.20422,0.05919,0.14801,0.28177,0.19408,4.0,14.0,5.0,15.0,13.0,4.0,5.0
183,"[0, 2, 4]","[1, 1, 1]",100.0,10.0,softmax,"[0.1, 0.9]","[2, 2]",,spectral bad cosine,[1 1 1 0 0 1 0 1 1 1 0 1 1 0 1 0 0 0 1 0],0.0462,0.02866,0.0669,0.03998,0.06714,0.06665,0.0669,26.0,19.0,30.0,19.0,29.0,26.0,29.0
184,"[0, 2, 4]","[1, 1, 1]",100.0,10.0,softmax,"[0.1, 0.9]","[2, 2]",,affinity bad cosine,[0 0 1 2 1 1 1 0 0 0 2 0 3 1 0 4 1 3 0 1],0.12019,-0.01226,0.12451,-0.02499,0.08941,0.1734,0.11798,11.0,34.0,19.0,35.0,23.0,11.0,20.0
185,"[0, 2, 4]","[1, 1, 1]",100.0,10.0,softmax,"[0.1, 0.9]","[2, 2]",,spectral bad rbf,[0 0 0 1 1 1 1 0 0 1 1 0 1 1 0 1 1 1 0 1],0.02101,-0.00937,0.03076,-0.01109,0.03121,0.03031,0.03075,39.0,31.0,39.0,31.0,36.0,39.0,39.0
186,"[0, 2, 4]","[1, 1, 1]",100.0,10.0,softmax,"[0.1, 0.9]","[2, 2]",,affinity bad rbf,[3 2 2 0 1 1 1 2 2 1 0 3 3 1 3 1 1 1 3 0],0.19531,0.08394,0.20422,0.05919,0.14801,0.28177,0.19408,4.0,14.0,5.0,15.0,13.0,4.0,5.0
187,"[0, 2, 4]","[1, 1, 1]",100.0,10.0,softmax,"[0.1, 0.9]","[2, 2]",,spectral bad edr,[1 1 1 0 1 0 0 1 1 1 0 0 0 0 1 0 0 0 1 1],0.08228,0.08289,0.11871,0.11333,0.11871,0.11871,0.11871,23.0,16.0,20.0,11.0,20.0,23.0,19.0
188,"[0, 2, 4]","[1, 1, 1]",100.0,10.0,softmax,"[0.1, 0.9]","[2, 2]",,affinity bad edr,[0 0 0 1 0 1 1 0 0 0 1 1 1 1 0 2 1 1 0 0],0.10128,0.04807,0.13151,0.07705,0.11837,0.14612,0.13079,17.0,17.0,13.0,13.0,21.0,17.0,12.0
189,"[0, 2, 4]","[1, 1, 1]",100.0,10.0,softmax,"[0.1, 0.9]","[2, 2]",,kmeans badset,[0 0 0 1 1 0 1 0 0 0 1 0 0 1 0 1 1 1 0 1],0.0462,0.02866,0.0669,0.03998,0.06714,0.06665,0.0669,26.0,21.0,30.0,19.0,29.0,26.0,29.0
190,"[0, 2, 4]","[1, 1, 1]",100.0,10.0,softmax,"[0.1, 0.9]","[2, 2]",,complete badset,[1 0 0 0 1 0 0 0 0 0 1 0 1 1 1 0 1 1 0 0],0.0863,0.08869,0.12636,0.1153,0.12824,0.12451,0.12635,18.0,8.0,14.0,6.0,15.0,18.0,13.0
191,"[0, 2, 4]","[1, 1, 1]",100.0,10.0,softmax,"[0.1, 0.9]","[2, 2]",,average badset,[0 0 0 0 0 0 0 0 0 0 1 0 0 0 0 0 0 0 0 0],0.03597,0.0,0.09698,0.0,0.18121,0.0519,0.08069,31.0,26.0,24.0,25.0,6.0,31.0,24.0
192,"[0, 2, 4]","[1, 1, 1]",100.0,10.0,softmax,"[0.1, 0.9]","[2, 2]",,ward badset,[0 0 0 0 1 0 0 0 0 0 1 0 1 1 0 0 1 1 0 0],0.10175,0.1109,0.15637,0.12115,0.16657,0.14679,0.15606,15.0,6.0,10.0,4.0,11.0,15.0,9.0
193,"[0, 2, 4]","[1, 1, 1]",100.0,10.0,softmax,"[0.1, 0.9]","[2, 2]",,spectral eblock warp,[0 0 0 0 0 0 1 0 0 1 1 0 1 1 0 1 0 1 0 0],0.05067,0.0348,0.07564,0.04422,0.07826,0.0731,0.0756,25.0,18.0,28.0,18.0,25.0,25.0,28.0
194,"[0, 2, 4]","[1, 1, 1]",100.0,10.0,softmax,"[0.1, 0.9]","[2, 2]",,affinity eblock warp,[5 0 5 2 2 0 0 5 1 2 3 5 3 4 5 2 5 2 5 0],0.17341,0.00424,0.16646,-0.02174,0.11075,0.25018,0.15354,6.0,24.0,9.0,34.0,22.0,6.0,11.0
195,"[0, 2, 4]","[1, 1, 1]",100.0,10.0,softmax,"[0.1, 0.9]","[2, 2]",,PCA eblock euclid,[1 1 0 0 0 1 0 1 0 0 0 0 0 0 1 0 0 0 1 1],0.00551,-0.03305,0.00822,-0.0398,0.00851,0.00795,0.00822,44.0,36.0,44.0,39.0,44.0,44.0,44.0
196,"[0, 2, 4]","[1, 1, 1]",100.0,10.0,softmax,"[0.1, 0.9]","[2, 2]",,spectral eblock eucsim,[1 1 0 0 0 1 0 1 0 0 0 1 0 0 1 0 0 0 1 1],0.0,-0.04091,0.0,-0.05322,0.0,0.0,0.0,50.0,45.0,50.0,49.0,50.0,50.0,50.0
197,"[0, 2, 4]","[1, 1, 1]",100.0,10.0,softmax,"[0.1, 0.9]","[2, 2]",,affinity eblock eucsim,[0 0 3 3 1 0 3 0 2 1 3 2 2 1 0 1 3 2 0 0],0.03478,-0.04381,0.03585,-0.05134,0.02562,0.05018,0.03392,35.0,48.0,37.0,47.0,40.0,35.0,37.0
198,"[0, 2, 4]","[1, 1, 1]",100.0,10.0,softmax,"[0.1, 0.9]","[2, 2]",,spectral eblock cosine,[1 1 0 0 0 1 0 1 1 0 0 1 1 0 1 0 0 1 1 0],-0.0,-0.04064,-0.0,-0.05556,-0.0,-0.0,-0.0,52.0,44.0,52.0,51.0,52.0,52.0,52.0
199,"[0, 2, 4]","[1, 1, 1]",100.0,10.0,softmax,"[0.1, 0.9]","[2, 2]",,affinity eblock cosine,[0 0 5 5 2 0 5 0 1 2 5 0 3 4 0 2 5 2 0 0],0.10901,-0.04455,0.10747,-0.06157,0.07344,0.15726,0.10012,12.0,50.0,22.0,52.0,28.0,12.0,23.0
200,"[0, 2, 4]","[1, 1, 1]",100.0,10.0,softmax,"[0.1, 0.9]","[2, 2]",,spectral eblock rbf,[0 0 1 1 1 0 1 0 0 1 1 0 0 1 0 1 1 0 0 0],0.00506,-0.03311,0.00733,-0.04442,0.00735,0.0073,0.00733,45.0,37.0,45.0,41.0,45.0,45.0,45.0
201,"[0, 2, 4]","[1, 1, 1]",100.0,10.0,softmax,"[0.1, 0.9]","[2, 2]",,affinity eblock rbf,[0 0 3 3 1 0 3 0 2 1 3 2 2 1 0 1 3 2 0 0],0.03478,-0.04381,0.03585,-0.05134,0.02562,0.05018,0.03392,35.0,48.0,37.0,47.0,40.0,35.0,37.0
202,"[0, 2, 4]","[1, 1, 1]",100.0,10.0,softmax,"[0.1, 0.9]","[2, 2]",,spectral eblock edr,[0 0 1 0 1 1 0 0 1 0 1 1 1 0 1 1 0 1 0 0],0.02014,-0.01041,0.02905,-0.01333,0.02905,0.02905,0.02905,40.0,32.0,40.0,32.0,38.0,40.0,40.0
203,"[0, 2, 4]","[1, 1, 1]",100.0,10.0,softmax,"[0.1, 0.9]","[2, 2]",,affinity eblock edr,[0 0 2 0 3 1 0 0 3 0 1 3 1 0 2 3 0 1 0 0],0.03623,-0.05345,0.03939,-0.03167,0.02968,0.05227,0.03786,30.0,51.0,35.0,38.0,37.0,30.0,35.0
204,"[0, 2, 4]","[1, 1, 1]",100.0,10.0,softmax,"[0.1, 0.9]","[2, 2]",,kmeans eblockset,[0 0 1 1 1 0 1 0 0 1 1 0 0 1 0 1 1 0 0 0],0.00506,-0.03311,0.00733,-0.04442,0.00735,0.0073,0.00733,45.0,37.0,45.0,41.0,45.0,45.0,45.0
205,"[0, 2, 4]","[1, 1, 1]",100.0,10.0,softmax,"[0.1, 0.9]","[2, 2]",,complete eblockset,[0 0 0 1 1 0 1 0 0 1 1 0 0 1 0 1 1 0 0 0],0.0,-0.04091,0.0,-0.05322,0.0,0.0,0.0,50.0,45.0,50.0,49.0,50.0,50.0,50.0
206,"[0, 2, 4]","[1, 1, 1]",100.0,10.0,softmax,"[0.1, 0.9]","[2, 2]",,average eblockset,[0 0 0 0 0 0 0 0 0 0 1 0 0 0 0 0 0 0 0 0],0.03597,0.0,0.09698,0.0,0.18121,0.0519,0.08069,31.0,26.0,24.0,25.0,6.0,31.0,24.0
207,"[0, 2, 4]","[1, 1, 1]",100.0,10.0,softmax,"[0.1, 0.9]","[2, 2]",,ward eblockset,[0 0 1 1 1 0 1 0 0 1 1 0 0 1 0 1 1 0 0 0],0.00506,-0.03311,0.00733,-0.04442,0.00735,0.0073,0.00733,45.0,37.0,45.0,41.0,45.0,45.0,45.0
208,"[0, 2, 4]","[1, 1, 1]",100.0,10.0,softmax,"[0.5, 0.9]","[2, 2]",,spectral warp,[0 0 0 1 0 0 0 1 1 0 0 0 1 0 1 0 0 0 1 1],0.00551,-0.03305,0.00822,-0.0398,0.00851,0.00795,0.00822,34.0,29.0,34.0,30.0,34.0,34.0,34.0
209,"[0, 2, 4]","[1, 1, 1]",100.0,10.0,softmax,"[0.5, 0.9]","[2, 2]",,aff prop,[0 1 1 2 1 1 0 2 2 1 1 1 2 1 1 1 1 1 2 2],0.07769,0.01694,0.09847,-0.01786,0.08652,0.11208,0.09765,8.0,14.0,9.0,26.0,10.0,8.0,9.0
210,"[0, 2, 4]","[1, 1, 1]",100.0,10.0,softmax,"[0.5, 0.9]","[2, 2]",,pca,[1 0 0 0 0 0 1 0 0 0 0 0 0 0 0 0 0 0 0 0],0.07488,0.05993,0.15775,0.02146,0.23035,0.10803,0.14708,9.0,3.0,4.0,13.0,1.0,9.0,5.0
211,"[0, 2, 4]","[1, 1, 1]",100.0,10.0,softmax,"[0.5, 0.9]","[2, 2]",,spectral overlap,[0 1 0 0 1 0 0 0 1 1 0 1 0 0 1 1 0 0 1 1],0.00506,-0.03311,0.00733,-0.04442,0.00735,0.0073,0.00733,39.0,34.0,39.0,36.0,39.0,39.0,39.0
212,"[0, 2, 4]","[1, 1, 1]",100.0,10.0,softmax,"[0.5, 0.9]","[2, 2]",,km_choice,[1 1 1 0 1 0 1 0 0 1 0 0 0 1 0 0 0 1 0 1],0.0462,0.02866,0.0669,0.03998,0.06714,0.06665,0.0669,14.0,10.0,14.0,4.0,13.0,14.0,14.0
213,"[0, 2, 4]","[1, 1, 1]",100.0,10.0,softmax,"[0.5, 0.9]","[2, 2]",,km_ent,[0 0 1 1 0 0 0 1 1 0 0 0 1 0 1 0 0 0 1 0],0.00551,-0.03305,0.00822,-0.0398,0.00851,0.00795,0.00822,34.0,29.0,34.0,30.0,34.0,34.0,34.0
214,"[0, 2, 4]","[1, 1, 1]",100.0,10.0,softmax,"[0.5, 0.9]","[2, 2]",,km_con,[1 1 1 0 1 1 1 0 0 1 1 1 0 1 0 1 0 1 0 0],0.02101,-0.00937,0.03076,-0.01109,0.03121,0.03031,0.03075,26.0,21.0,23.0,19.0,23.0,26.0,23.0
215,"[0, 2, 4]","[1, 1, 1]",100.0,10.0,softmax,"[0.5, 0.9]","[2, 2]",,spect_cos_cat,[1 1 1 0 1 0 1 0 0 1 1 0 0 1 0 0 0 1 0 1],0.02014,-0.01041,0.02905,-0.01333,0.02905,0.02905,0.02905,29.0,22.0,26.0,22.0,26.0,29.0,26.0
216,"[0, 2, 4]","[1, 1, 1]",100.0,10.0,softmax,"[0.5, 0.9]","[2, 2]",,aff_cos_cat,[0 0 1 0 0 1 0 1 1 1 0 1 0 0 0 0 2 0 1 3],0.1048,0.00581,0.12614,0.0,0.10524,0.15119,0.1241,6.0,15.0,6.0,16.0,9.0,6.0,6.0
217,"[0, 2, 4]","[1, 1, 1]",100.0,10.0,softmax,"[0.5, 0.9]","[2, 2]",,spect_cos_ent,[1 1 0 0 1 1 0 1 0 0 0 0 1 0 0 1 1 1 0 1],-0.0,-0.04064,-0.0,-0.05556,-0.0,-0.0,-0.0,50.0,37.0,50.0,46.0,50.0,50.0,50.0
218,"[0, 2, 4]","[1, 1, 1]",100.0,10.0,softmax,"[0.5, 0.9]","[2, 2]",,aff_cos_ent,[3 4 0 0 1 3 2 3 0 0 0 4 4 0 4 1 3 4 0 3],0.09146,-0.02944,0.09153,-0.01941,0.06349,0.13195,0.08573,7.0,27.0,12.0,27.0,20.0,7.0,10.0
219,"[0, 2, 4]","[1, 1, 1]",100.0,10.0,softmax,"[0.5, 0.9]","[2, 2]",,spect_rbf,[1 1 0 0 1 1 1 0 0 1 1 1 0 1 0 1 0 1 0 0],0.00506,-0.03311,0.00733,-0.04442,0.00735,0.0073,0.00733,39.0,33.0,39.0,36.0,39.0,39.0,39.0
220,"[0, 2, 4]","[1, 1, 1]",100.0,10.0,softmax,"[0.5, 0.9]","[2, 2]",,spect_esk_sim,[1 1 0 0 1 1 1 0 0 1 1 1 0 1 1 1 0 1 0 0],0.0,-0.04091,0.0,-0.05322,0.0,0.0,0.0,42.0,42.0,42.0,40.0,42.0,42.0,42.0
221,"[0, 2, 4]","[1, 1, 1]",100.0,10.0,softmax,"[0.5, 0.9]","[2, 2]",,aff_esk_sim,[0 0 0 0 0 1 1 1 0 0 0 0 0 0 0 0 1 0 0 0],0.03243,0.00325,0.05506,0.00654,0.06481,0.04678,0.05434,22.0,16.0,22.0,15.0,19.0,22.0,21.0
222,"[0, 2, 4]","[1, 1, 1]",100.0,10.0,softmax,"[0.5, 0.9]","[2, 2]",,spect_lin_sim,[0 0 1 1 0 0 0 1 1 0 0 1 1 0 1 1 1 0 1 1],0.0462,0.02866,0.0669,0.03998,0.06714,0.06665,0.0669,14.0,7.0,14.0,4.0,13.0,14.0,14.0
223,"[0, 2, 4]","[1, 1, 1]",100.0,10.0,softmax,"[0.5, 0.9]","[2, 2]",,aff_lin_sim,[0 0 0 1 0 2 2 3 1 0 0 4 1 2 0 0 3 2 1 3],0.05579,-0.05624,0.05575,-0.05134,0.03862,0.08048,0.05219,12.0,49.0,21.0,39.0,22.0,12.0,22.0
224,"[0, 2, 4]","[1, 1, 1]",100.0,10.0,softmax,"[0.5, 0.9]","[2, 2]",,comp_hr_esk_dis,[1 1 1 0 1 1 1 0 0 1 1 1 0 1 1 0 0 1 0 1],0.00551,-0.03305,0.00822,-0.0398,0.00851,0.00795,0.00822,34.0,28.0,34.0,30.0,34.0,34.0,34.0
225,"[0, 2, 4]","[1, 1, 1]",100.0,10.0,softmax,"[0.5, 0.9]","[2, 2]",,avg_hr_esk_dis,[0 0 0 0 0 0 0 0 0 0 0 0 0 0 0 0 0 0 0 1],0.03597,0.0,0.09698,0.0,0.18121,0.0519,0.08069,20.0,17.0,10.0,16.0,2.0,20.0,11.0
226,"[0, 2, 4]","[1, 1, 1]",100.0,10.0,softmax,"[0.5, 0.9]","[2, 2]",,comp_hr_lin_din,[0 0 1 1 0 0 0 0 1 0 0 1 1 0 0 0 0 0 1 0],0.0,-0.04207,0.0,-0.04626,0.0,0.0,0.0,41.0,46.0,41.0,38.0,41.0,41.0,41.0
227,"[0, 2, 4]","[1, 1, 1]",100.0,10.0,softmax,"[0.5, 0.9]","[2, 2]",,avg_hr_lin_dis,[0 0 0 1 0 0 0 0 1 0 0 0 1 0 0 0 0 0 1 0],0.0,-0.04567,0.0,-0.03486,0.0,0.0,0.0,48.0,47.0,48.0,28.0,48.0,48.0,48.0
228,"[0, 2, 4]","[1, 1, 1]",100.0,10.0,softmax,"[0.5, 0.9]","[2, 2]",,spect_edr,[1 1 0 1 1 0 0 1 1 0 0 1 1 0 0 1 1 0 1 1],0.0,-0.04091,0.0,-0.05322,0.0,0.0,0.0,42.0,42.0,42.0,40.0,42.0,42.0,42.0
229,"[0, 2, 4]","[1, 1, 1]",100.0,10.0,softmax,"[0.5, 0.9]","[2, 2]",,aff_edr,[0 1 2 1 1 2 2 1 1 2 2 1 0 2 2 1 1 2 1 1],-0.0,-0.07143,-0.0,-0.06502,-0.0,-0.0,-0.0,49.0,52.0,49.0,50.0,49.0,49.0,49.0
230,"[0, 2, 4]","[1, 1, 1]",100.0,10.0,softmax,"[0.5, 0.9]","[2, 2]",,spectral bad warp,[1 1 0 0 0 1 1 0 0 1 1 0 0 1 1 1 0 1 0 0],-0.0,-0.04064,-0.0,-0.05556,-0.0,-0.0,-0.0,50.0,37.0,50.0,46.0,50.0,50.0,50.0
231,"[0, 2, 4]","[1, 1, 1]",100.0,10.0,softmax,"[0.5, 0.9]","[2, 2]",,affinity bad warp,[0 1 2 5 1 3 3 6 2 3 5 5 4 1 5 1 2 5 6 6],0.23846,0.02235,0.21221,0.02536,0.1309,0.34403,0.18964,1.0,13.0,1.0,12.0,4.0,1.0,1.0
232,"[0, 2, 4]","[1, 1, 1]",100.0,10.0,softmax,"[0.5, 0.9]","[2, 2]",,PCA bad euclid,[1 1 1 1 1 1 1 0 1 1 1 1 0 1 1 1 0 1 0 0],0.06329,0.05187,0.10137,0.0526,0.11254,0.09131,0.10082,11.0,4.0,8.0,2.0,8.0,11.0,8.0
233,"[0, 2, 4]","[1, 1, 1]",100.0,10.0,softmax,"[0.5, 0.9]","[2, 2]",,spectral bad eucsim,[0 0 1 1 0 0 0 1 1 0 0 1 1 0 0 0 0 0 1 1],0.0,-0.04091,0.0,-0.05322,0.0,0.0,0.0,42.0,40.0,42.0,40.0,42.0,42.0,42.0
234,"[0, 2, 4]","[1, 1, 1]",100.0,10.0,softmax,"[0.5, 0.9]","[2, 2]",,affinity bad eucsim,[3 4 0 1 4 2 2 3 0 2 3 4 1 0 3 4 2 4 1 2],0.02706,-0.06826,0.02582,-0.06889,0.01708,0.03904,0.02376,23.0,50.0,30.0,51.0,31.0,23.0,31.0
235,"[0, 2, 4]","[1, 1, 1]",100.0,10.0,softmax,"[0.5, 0.9]","[2, 2]",,spectral bad cosine,[0 1 0 0 1 0 1 0 0 1 0 0 0 0 1 1 0 1 0 0],0.00551,-0.03305,0.00822,-0.0398,0.00851,0.00795,0.00822,34.0,29.0,34.0,30.0,34.0,34.0,34.0
236,"[0, 2, 4]","[1, 1, 1]",100.0,10.0,softmax,"[0.5, 0.9]","[2, 2]",,affinity bad cosine,[0 4 2 0 1 0 1 3 2 1 3 2 0 4 0 4 1 4 0 3],0.06931,-0.03997,0.06636,-0.03557,0.04403,0.1,0.06114,10.0,36.0,20.0,29.0,21.0,10.0,20.0
237,"[0, 2, 4]","[1, 1, 1]",100.0,10.0,softmax,"[0.5, 0.9]","[2, 2]",,spectral bad rbf,[0 0 1 1 0 0 0 1 1 0 0 1 1 0 0 0 0 0 1 1],0.0,-0.04091,0.0,-0.05322,0.0,0.0,0.0,42.0,40.0,42.0,40.0,42.0,42.0,42.0
238,"[0, 2, 4]","[1, 1, 1]",100.0,10.0,softmax,"[0.5, 0.9]","[2, 2]",,affinity bad rbf,[3 4 0 1 4 2 2 3 0 2 3 4 1 0 3 4 2 4 1 2],0.02706,-0.06826,0.02582,-0.06889,0.01708,0.03904,0.02376,23.0,50.0,30.0,51.0,31.0,23.0,31.0
239,"[0, 2, 4]","[1, 1, 1]",100.0,10.0,softmax,"[0.5, 0.9]","[2, 2]",,spectral bad edr,[0 1 0 1 1 0 1 1 0 0 1 0 1 1 0 1 0 0 1 0],-0.0,-0.04064,-0.0,-0.05556,-0.0,-0.0,-0.0,50.0,37.0,50.0,46.0,50.0,50.0,50.0
240,"[0, 2, 4]","[1, 1, 1]",100.0,10.0,softmax,"[0.5, 0.9]","[2, 2]",,affinity bad edr,[0 1 2 1 1 0 1 1 2 0 1 2 1 1 0 1 2 0 1 2],0.01007,-0.04874,0.01186,-0.05972,0.00968,0.01452,0.01162,33.0,48.0,33.0,49.0,33.0,33.0,33.0
241,"[0, 2, 4]","[1, 1, 1]",100.0,10.0,softmax,"[0.5, 0.9]","[2, 2]",,kmeans badset,[1 1 0 0 1 1 1 0 0 1 1 0 0 1 1 1 1 1 0 0],0.0,-0.04091,0.0,-0.05322,0.0,0.0,0.0,42.0,42.0,42.0,40.0,42.0,42.0,42.0
242,"[0, 2, 4]","[1, 1, 1]",100.0,10.0,softmax,"[0.5, 0.9]","[2, 2]",,complete badset,[0 0 1 1 0 0 0 0 1 0 0 1 1 0 0 0 0 0 1 1],0.00551,-0.03305,0.00822,-0.0398,0.00851,0.00795,0.00822,34.0,29.0,34.0,30.0,34.0,34.0,34.0
243,"[0, 2, 4]","[1, 1, 1]",100.0,10.0,softmax,"[0.5, 0.9]","[2, 2]",,average badset,[0 0 0 0 0 0 0 1 0 0 0 0 0 0 0 0 0 0 0 0],0.03597,0.0,0.09698,0.0,0.18121,0.0519,0.08069,20.0,17.0,10.0,16.0,2.0,20.0,11.0
244,"[0, 2, 4]","[1, 1, 1]",100.0,10.0,softmax,"[0.5, 0.9]","[2, 2]",,ward badset,[1 1 0 0 1 1 1 0 0 1 1 1 0 1 1 1 0 1 0 0],0.0,-0.04091,0.0,-0.05322,0.0,0.0,0.0,42.0,42.0,42.0,40.0,42.0,42.0,42.0
245,"[0, 2, 4]","[1, 1, 1]",100.0,10.0,softmax,"[0.5, 0.9]","[2, 2]",,spectral eblock warp,[0 0 1 1 0 0 0 0 1 0 0 1 1 0 1 1 1 0 0 0],0.02101,-0.00937,0.03076,-0.01109,0.03121,0.03031,0.03075,26.0,19.0,23.0,19.0,23.0,26.0,23.0
246,"[0, 2, 4]","[1, 1, 1]",100.0,10.0,softmax,"[0.5, 0.9]","[2, 2]",,affinity eblock warp,[0 2 1 1 2 0 0 1 1 0 2 2 1 0 1 2 2 2 2 2],0.13872,0.08073,0.1613,0.131,0.13,0.20014,0.15762,4.0,1.0,3.0,1.0,5.0,4.0,3.0
247,"[0, 2, 4]","[1, 1, 1]",100.0,10.0,softmax,"[0.5, 0.9]","[2, 2]",,PCA eblock euclid,[0 0 1 1 0 0 0 0 1 0 0 1 1 0 0 1 0 1 1 1],0.0462,0.02866,0.0669,0.03998,0.06714,0.06665,0.0669,14.0,10.0,14.0,4.0,13.0,14.0,14.0
248,"[0, 2, 4]","[1, 1, 1]",100.0,10.0,softmax,"[0.5, 0.9]","[2, 2]",,spectral eblock eucsim,[1 0 0 0 1 1 1 1 0 1 1 0 0 1 0 0 1 0 1 0],0.02014,-0.01041,0.02905,-0.01333,0.02905,0.02905,0.02905,29.0,22.0,26.0,22.0,26.0,29.0,26.0
249,"[0, 2, 4]","[1, 1, 1]",100.0,10.0,softmax,"[0.5, 0.9]","[2, 2]",,affinity eblock eucsim,[1 0 2 2 0 1 1 0 2 1 1 3 2 1 0 0 0 0 3 3],0.15071,0.04743,0.15666,0.01481,0.11288,0.21743,0.14861,3.0,5.0,5.0,14.0,7.0,3.0,4.0
250,"[0, 2, 4]","[1, 1, 1]",100.0,10.0,softmax,"[0.5, 0.9]","[2, 2]",,spectral eblock cosine,[0 0 0 0 1 1 1 1 0 1 1 0 0 0 0 0 1 0 0 0],0.05067,0.0348,0.07564,0.04422,0.07826,0.0731,0.0756,13.0,6.0,13.0,3.0,12.0,13.0,13.0
251,"[0, 2, 4]","[1, 1, 1]",100.0,10.0,softmax,"[0.5, 0.9]","[2, 2]",,affinity eblock cosine,[1 0 1 1 0 2 2 0 1 2 0 3 1 3 1 0 2 1 3 3],0.17341,0.06556,0.17875,0.03537,0.12771,0.25018,0.1691,2.0,2.0,2.0,10.0,6.0,2.0,2.0
252,"[0, 2, 4]","[1, 1, 1]",100.0,10.0,softmax,"[0.5, 0.9]","[2, 2]",,spectral eblock rbf,[1 0 0 0 1 1 1 1 0 1 1 0 0 1 1 0 1 0 0 0],0.02014,-0.01041,0.02905,-0.01333,0.02905,0.02905,0.02905,29.0,22.0,26.0,22.0,26.0,29.0,26.0
253,"[0, 2, 4]","[1, 1, 1]",100.0,10.0,softmax,"[0.5, 0.9]","[2, 2]",,affinity eblock rbf,[1 0 2 2 0 1 1 0 2 1 1 2 2 1 0 0 0 0 1 0],0.02125,-0.03481,0.02456,-0.04183,0.01967,0.03066,0.02396,25.0,35.0,32.0,35.0,30.0,25.0,30.0
254,"[0, 2, 4]","[1, 1, 1]",100.0,10.0,softmax,"[0.5, 0.9]","[2, 2]",,spectral eblock edr,[0 0 0 1 1 0 1 1 1 1 1 0 1 1 0 0 0 0 0 0],0.0462,0.02866,0.0669,0.03998,0.06714,0.06665,0.0669,14.0,10.0,14.0,4.0,13.0,14.0,14.0
255,"[0, 2, 4]","[1, 1, 1]",100.0,10.0,softmax,"[0.5, 0.9]","[2, 2]",,affinity eblock edr,[0 1 4 3 3 2 3 3 3 3 3 1 3 3 0 1 1 0 1 4],0.11682,-0.0133,0.11986,0.02841,0.08524,0.16854,0.11322,5.0,26.0,7.0,11.0,11.0,5.0,7.0
256,"[0, 2, 4]","[1, 1, 1]",100.0,10.0,softmax,"[0.5, 0.9]","[2, 2]",,kmeans eblockset,[0 1 1 1 0 0 0 0 1 0 0 1 1 1 0 1 0 1 1 1],0.0462,0.02866,0.0669,0.03998,0.06714,0.06665,0.0669,14.0,7.0,14.0,4.0,13.0,14.0,14.0
257,"[0, 2, 4]","[1, 1, 1]",100.0,10.0,softmax,"[0.5, 0.9]","[2, 2]",,complete eblockset,[1 0 0 0 0 1 1 1 0 1 1 0 0 1 0 0 1 0 0 0],0.02101,-0.00937,0.03076,-0.01109,0.03121,0.03031,0.03075,26.0,19.0,23.0,19.0,23.0,26.0,23.0
258,"[0, 2, 4]","[1, 1, 1]",100.0,10.0,softmax,"[0.5, 0.9]","[2, 2]",,average eblockset,[0 1 0 1 1 0 0 0 1 0 0 1 1 0 1 1 0 1 1 1],0.0462,0.02866,0.0669,0.03998,0.06714,0.06665,0.0669,14.0,7.0,14.0,4.0,13.0,14.0,14.0
259,"[0, 2, 4]","[1, 1, 1]",100.0,10.0,softmax,"[0.5, 0.9]","[2, 2]",,ward eblockset,[0 1 1 1 0 0 0 0 1 0 0 1 1 0 0 1 0 1 1 1],0.02014,-0.01041,0.02905,-0.01333,0.02905,0.02905,0.02905,29.0,22.0,26.0,22.0,26.0,29.0,26.0
260,"[0, 2, 4]","[1, 1, 1]",100.0,10.0,softmax,"[0.7, 0.9]","[2, 2]",,spectral warp,[0 0 1 1 0 1 0 1 1 1 1 0 0 0 0 0 1 0 0 0],0.0863,0.08869,0.12636,0.1153,0.12824,0.12451,0.12635,10.0,2.0,10.0,2.0,11.0,10.0,8.0
261,"[0, 2, 4]","[1, 1, 1]",100.0,10.0,softmax,"[0.7, 0.9]","[2, 2]",,aff prop,[1 1 0 2 1 2 3 4 4 4 4 1 1 1 1 1 4 2 1 1],0.12398,-0.00844,0.13177,0.03281,0.09707,0.17887,0.12585,8.0,21.0,8.0,6.0,15.0,8.0,10.0
262,"[0, 2, 4]","[1, 1, 1]",100.0,10.0,softmax,"[0.7, 0.9]","[2, 2]",,pca,[0 0 0 0 0 0 0 0 0 0 0 0 0 0 0 0 1 0 0 0],0.03597,0.0,0.09698,0.0,0.18121,0.0519,0.08069,20.0,13.0,13.0,14.0,3.0,20.0,14.0
263,"[0, 2, 4]","[1, 1, 1]",100.0,10.0,softmax,"[0.7, 0.9]","[2, 2]",,spectral overlap,[0 0 0 1 0 0 0 1 0 1 0 1 1 1 1 1 1 1 1 0],0.13251,0.15824,0.19186,0.20877,0.19256,0.19116,0.19186,6.0,1.0,1.0,1.0,2.0,6.0,1.0
264,"[0, 2, 4]","[1, 1, 1]",100.0,10.0,softmax,"[0.7, 0.9]","[2, 2]",,km_choice,[1 1 1 0 1 1 1 1 1 1 0 0 1 1 1 1 0 1 1 1],0.03243,0.00325,0.05506,0.00654,0.06481,0.04678,0.05434,25.0,12.0,24.0,11.0,21.0,25.0,24.0
265,"[0, 2, 4]","[1, 1, 1]",100.0,10.0,softmax,"[0.7, 0.9]","[2, 2]",,km_ent,[0 0 1 0 0 0 0 1 0 0 1 1 0 0 0 0 1 0 0 0],0.0067,-0.0333,0.01073,-0.03068,0.01192,0.00967,0.01068,37.0,40.0,37.0,34.0,37.0,37.0,37.0
266,"[0, 2, 4]","[1, 1, 1]",100.0,10.0,softmax,"[0.7, 0.9]","[2, 2]",,km_con,[0 0 1 1 0 0 0 1 0 0 1 1 0 0 0 0 1 0 0 0],0.0,-0.04207,0.0,-0.04626,0.0,0.0,0.0,48.0,48.0,48.0,48.0,48.0,48.0,48.0
267,"[0, 2, 4]","[1, 1, 1]",100.0,10.0,softmax,"[0.7, 0.9]","[2, 2]",,spect_cos_cat,[0 0 1 1 0 0 1 1 1 0 1 1 0 1 1 1 1 1 0 0],0.02101,-0.00937,0.03076,-0.01109,0.03121,0.03031,0.03075,29.0,22.0,29.0,24.0,28.0,29.0,29.0
268,"[0, 2, 4]","[1, 1, 1]",100.0,10.0,softmax,"[0.7, 0.9]","[2, 2]",,aff_cos_cat,[0 0 0 0 0 0 1 0 0 0 0 0 0 0 0 0 0 0 0 0],0.03597,0.0,0.09698,0.0,0.18121,0.0519,0.08069,20.0,13.0,13.0,14.0,3.0,20.0,14.0
269,"[0, 2, 4]","[1, 1, 1]",100.0,10.0,softmax,"[0.7, 0.9]","[2, 2]",,spect_cos_ent,[0 0 0 0 0 0 0 0 0 0 0 1 0 0 0 0 1 0 0 0],0.07488,0.05993,0.15775,0.02146,0.23035,0.10803,0.14708,13.0,4.0,7.0,9.0,1.0,13.0,7.0
270,"[0, 2, 4]","[1, 1, 1]",100.0,10.0,softmax,"[0.7, 0.9]","[2, 2]",,aff_cos_ent,[5 4 4 5 0 4 5 5 4 1 0 2 5 5 5 0 3 4 5 0],0.17832,0.00809,0.1758,0.00342,0.12013,0.25726,0.16379,1.0,11.0,3.0,12.0,13.0,1.0,4.0
271,"[0, 2, 4]","[1, 1, 1]",100.0,10.0,softmax,"[0.7, 0.9]","[2, 2]",,spect_rbf,[1 1 0 0 1 0 1 0 0 1 0 0 1 1 1 1 0 1 1 1],0.02101,-0.00937,0.03076,-0.01109,0.03121,0.03031,0.03075,29.0,22.0,29.0,24.0,28.0,29.0,29.0
272,"[0, 2, 4]","[1, 1, 1]",100.0,10.0,softmax,"[0.7, 0.9]","[2, 2]",,spect_esk_sim,[0 0 1 0 0 0 0 1 1 1 1 1 1 0 1 0 1 0 0 0],0.00506,-0.03311,0.00733,-0.04442,0.00735,0.0073,0.00733,43.0,35.0,43.0,43.0,43.0,43.0,43.0
273,"[0, 2, 4]","[1, 1, 1]",100.0,10.0,softmax,"[0.7, 0.9]","[2, 2]",,aff_esk_sim,[1 0 1 4 1 3 2 1 3 3 4 1 1 4 1 1 1 4 0 1],0.17486,0.03359,0.18191,0.0204,0.13117,0.25227,0.1726,3.0,8.0,2.0,10.0,9.0,3.0,2.0
274,"[0, 2, 4]","[1, 1, 1]",100.0,10.0,softmax,"[0.7, 0.9]","[2, 2]",,spect_lin_sim,[1 1 0 1 1 1 1 0 0 0 0 0 0 0 0 1 0 1 1 1],0.02014,-0.01041,0.02905,-0.01333,0.02905,0.02905,0.02905,32.0,25.0,32.0,27.0,31.0,32.0,32.0
275,"[0, 2, 4]","[1, 1, 1]",100.0,10.0,softmax,"[0.7, 0.9]","[2, 2]",,aff_lin_sim,[1 4 0 3 1 2 2 0 2 2 3 3 1 3 0 4 0 4 1 1],0.17832,0.03576,0.1695,0.02872,0.11167,0.25726,0.15574,2.0,6.0,5.0,7.0,14.0,2.0,6.0
276,"[0, 2, 4]","[1, 1, 1]",100.0,10.0,softmax,"[0.7, 0.9]","[2, 2]",,comp_hr_esk_dis,[1 0 1 1 1 0 0 1 0 0 1 1 1 1 1 0 1 0 0 1],0.02101,-0.00937,0.03076,-0.01109,0.03121,0.03031,0.03075,29.0,22.0,29.0,24.0,28.0,29.0,29.0
277,"[0, 2, 4]","[1, 1, 1]",100.0,10.0,softmax,"[0.7, 0.9]","[2, 2]",,avg_hr_esk_dis,[0 0 0 0 0 0 1 0 0 0 0 0 0 0 0 0 0 0 0 0],0.03597,0.0,0.09698,0.0,0.18121,0.0519,0.08069,20.0,13.0,13.0,14.0,3.0,20.0,14.0
278,"[0, 2, 4]","[1, 1, 1]",100.0,10.0,softmax,"[0.7, 0.9]","[2, 2]",,comp_hr_lin_din,[1 0 0 0 1 0 0 0 1 1 1 0 1 1 0 0 0 0 0 1],0.0,-0.04091,0.0,-0.05322,0.0,0.0,0.0,51.0,47.0,51.0,51.0,51.0,51.0,51.0
279,"[0, 2, 4]","[1, 1, 1]",100.0,10.0,softmax,"[0.7, 0.9]","[2, 2]",,avg_hr_lin_dis,[1 0 1 0 1 0 1 1 1 1 0 0 1 0 1 0 1 0 0 1],0.0462,0.02866,0.0669,0.03998,0.06714,0.06665,0.0669,18.0,9.0,21.0,5.0,20.0,18.0,21.0
280,"[0, 2, 4]","[1, 1, 1]",100.0,10.0,softmax,"[0.7, 0.9]","[2, 2]",,spect_edr,[1 1 0 1 0 0 0 0 1 1 1 0 0 0 0 0 1 1 0 1],0.00506,-0.03311,0.00733,-0.04442,0.00735,0.0073,0.00733,43.0,35.0,43.0,43.0,43.0,43.0,43.0
281,"[0, 2, 4]","[1, 1, 1]",100.0,10.0,softmax,"[0.7, 0.9]","[2, 2]",,aff_edr,[0 0 1 0 0 0 0 1 0 0 0 1 1 1 1 1 0 0 1 0],0.0863,0.08869,0.12636,0.1153,0.12824,0.12451,0.12635,10.0,2.0,10.0,2.0,11.0,10.0,8.0
282,"[0, 2, 4]","[1, 1, 1]",100.0,10.0,softmax,"[0.7, 0.9]","[2, 2]",,spectral bad warp,[1 1 0 1 1 1 1 0 1 1 0 0 1 1 0 1 0 1 1 1],0.02416,-0.00575,0.03712,-0.00441,0.03955,0.03485,0.03705,26.0,18.0,26.0,21.0,25.0,26.0,26.0
283,"[0, 2, 4]","[1, 1, 1]",100.0,10.0,softmax,"[0.7, 0.9]","[2, 2]",,affinity bad warp,[4 1 2 0 1 4 3 2 3 3 0 0 3 4 2 3 0 3 4 1],0.04315,-0.05805,0.04131,-0.05737,0.02741,0.06226,0.03807,19.0,52.0,25.0,52.0,36.0,19.0,25.0
284,"[0, 2, 4]","[1, 1, 1]",100.0,10.0,softmax,"[0.7, 0.9]","[2, 2]",,PCA bad euclid,[0 0 1 0 0 0 0 1 1 1 1 0 0 0 0 0 1 0 0 0],0.02416,-0.00575,0.03712,-0.00441,0.03955,0.03485,0.03705,26.0,19.0,26.0,21.0,25.0,26.0,26.0
285,"[0, 2, 4]","[1, 1, 1]",100.0,10.0,softmax,"[0.7, 0.9]","[2, 2]",,spectral bad eucsim,[0 0 1 1 0 0 1 1 0 0 1 1 1 0 1 1 1 0 0 0],0.02014,-0.01041,0.02905,-0.01333,0.02905,0.02905,0.02905,32.0,25.0,32.0,27.0,31.0,32.0,32.0
286,"[0, 2, 4]","[1, 1, 1]",100.0,10.0,softmax,"[0.7, 0.9]","[2, 2]",,affinity bad eucsim,[1 0 3 3 1 0 2 3 3 3 3 0 0 3 2 0 3 0 0 1],0.05434,-0.03625,0.0584,-0.00227,0.04351,0.07839,0.05596,15.0,45.0,22.0,19.0,23.0,15.0,22.0
287,"[0, 2, 4]","[1, 1, 1]",100.0,10.0,softmax,"[0.7, 0.9]","[2, 2]",,spectral bad cosine,[1 1 0 0 1 0 0 0 1 1 0 0 0 1 0 0 0 1 1 1],0.00506,-0.03311,0.00733,-0.04442,0.00735,0.0073,0.00733,43.0,35.0,43.0,43.0,43.0,43.0,43.0
288,"[0, 2, 4]","[1, 1, 1]",100.0,10.0,softmax,"[0.7, 0.9]","[2, 2]",,affinity bad cosine,[0 0 2 0 0 1 2 0 1 1 1 3 0 1 2 0 3 0 0 0],0.08284,-0.01289,0.09054,-0.04183,0.06858,0.11952,0.08715,12.0,30.0,18.0,42.0,19.0,12.0,13.0
289,"[0, 2, 4]","[1, 1, 1]",100.0,10.0,softmax,"[0.7, 0.9]","[2, 2]",,spectral bad rbf,[1 1 0 0 1 1 0 0 1 1 0 0 0 1 0 0 0 1 1 1],0.02014,-0.01041,0.02905,-0.01333,0.02905,0.02905,0.02905,32.0,25.0,32.0,27.0,31.0,32.0,32.0
290,"[0, 2, 4]","[1, 1, 1]",100.0,10.0,softmax,"[0.7, 0.9]","[2, 2]",,affinity bad rbf,[1 0 3 3 1 0 2 3 3 3 3 0 0 3 2 0 3 0 0 1],0.05434,-0.03625,0.0584,-0.00227,0.04351,0.07839,0.05596,15.0,45.0,22.0,19.0,23.0,15.0,22.0
291,"[0, 2, 4]","[1, 1, 1]",100.0,10.0,softmax,"[0.7, 0.9]","[2, 2]",,spectral bad edr,[1 0 0 0 1 0 0 1 0 0 0 1 0 1 0 0 0 0 0 1],0.0,-0.04207,0.0,-0.04626,0.0,0.0,0.0,48.0,48.0,48.0,48.0,48.0,48.0,48.0
292,"[0, 2, 4]","[1, 1, 1]",100.0,10.0,softmax,"[0.7, 0.9]","[2, 2]",,affinity bad edr,[1 0 0 0 1 0 0 1 0 0 0 1 0 1 0 0 0 0 0 1],0.0,-0.04207,0.0,-0.04626,0.0,0.0,0.0,48.0,48.0,48.0,48.0,48.0,48.0,48.0
293,"[0, 2, 4]","[1, 1, 1]",100.0,10.0,softmax,"[0.7, 0.9]","[2, 2]",,kmeans badset,[1 1 0 1 1 1 0 0 1 1 1 0 0 1 0 1 0 1 1 1],0.00551,-0.03305,0.00822,-0.0398,0.00851,0.00795,0.00822,42.0,34.0,42.0,41.0,42.0,42.0,42.0
294,"[0, 2, 4]","[1, 1, 1]",100.0,10.0,softmax,"[0.7, 0.9]","[2, 2]",,complete badset,[1 0 0 1 1 1 0 0 1 1 1 0 0 1 0 0 0 0 1 1],0.02014,-0.01041,0.02905,-0.01333,0.02905,0.02905,0.02905,32.0,25.0,32.0,27.0,31.0,32.0,32.0
295,"[0, 2, 4]","[1, 1, 1]",100.0,10.0,softmax,"[0.7, 0.9]","[2, 2]",,average badset,[0 0 0 0 0 0 1 0 0 0 0 0 0 0 0 0 0 0 0 0],0.03597,0.0,0.09698,0.0,0.18121,0.0519,0.08069,20.0,13.0,13.0,14.0,3.0,20.0,14.0
296,"[0, 2, 4]","[1, 1, 1]",100.0,10.0,softmax,"[0.7, 0.9]","[2, 2]",,ward badset,[1 0 0 0 1 1 0 0 1 1 1 0 0 1 0 0 0 0 1 1],0.00506,-0.03311,0.00733,-0.04442,0.00735,0.0073,0.00733,43.0,35.0,43.0,43.0,43.0,43.0,43.0
297,"[0, 2, 4]","[1, 1, 1]",100.0,10.0,softmax,"[0.7, 0.9]","[2, 2]",,spectral eblock warp,[0 1 0 0 0 1 1 0 1 0 0 0 1 1 1 1 0 1 1 0],0.02014,-0.01041,0.02905,-0.01333,0.02905,0.02905,0.02905,32.0,25.0,32.0,27.0,31.0,32.0,32.0
298,"[0, 2, 4]","[1, 1, 1]",100.0,10.0,softmax,"[0.7, 0.9]","[2, 2]",,affinity eblock warp,[2 1 2 0 0 1 1 2 1 0 0 0 1 1 1 1 3 1 1 0],0.1487,0.04966,0.16712,0.00338,0.13019,0.21452,0.16204,4.0,5.0,6.0,13.0,10.0,4.0,5.0
299,"[0, 2, 4]","[1, 1, 1]",100.0,10.0,softmax,"[0.7, 0.9]","[2, 2]",,PCA eblock euclid,[0 0 1 0 0 0 0 1 0 1 1 0 0 0 0 0 1 0 0 0],0.0067,-0.0333,0.01073,-0.03068,0.01192,0.00967,0.01068,37.0,40.0,37.0,34.0,37.0,37.0,37.0
300,"[0, 2, 4]","[1, 1, 1]",100.0,10.0,softmax,"[0.7, 0.9]","[2, 2]",,spectral eblock eucsim,[1 0 1 0 1 0 0 1 0 1 1 1 0 0 0 0 1 0 0 1],0.00506,-0.03311,0.00733,-0.04442,0.00735,0.0073,0.00733,43.0,35.0,43.0,43.0,43.0,43.0,43.0
301,"[0, 2, 4]","[1, 1, 1]",100.0,10.0,softmax,"[0.7, 0.9]","[2, 2]",,affinity eblock eucsim,[0 1 2 1 1 3 1 4 3 4 4 3 1 3 1 1 5 3 3 1],0.12946,-0.03067,0.12862,-0.03872,0.08857,0.18677,0.12016,7.0,33.0,9.0,40.0,16.0,7.0,11.0
302,"[0, 2, 4]","[1, 1, 1]",100.0,10.0,softmax,"[0.7, 0.9]","[2, 2]",,spectral eblock cosine,[0 1 0 1 0 1 1 1 1 1 1 1 1 1 0 1 1 1 1 0],0.0067,-0.0333,0.01073,-0.03068,0.01192,0.00967,0.01068,37.0,40.0,37.0,34.0,37.0,37.0,37.0
303,"[0, 2, 4]","[1, 1, 1]",100.0,10.0,softmax,"[0.7, 0.9]","[2, 2]",,affinity eblock cosine,[2 0 2 0 0 0 0 0 1 1 0 2 0 1 2 0 3 2 0 2],0.07021,-0.02543,0.07891,-0.01805,0.06147,0.10129,0.07651,14.0,31.0,19.0,32.0,22.0,14.0,19.0
304,"[0, 2, 4]","[1, 1, 1]",100.0,10.0,softmax,"[0.7, 0.9]","[2, 2]",,spectral eblock rbf,[1 0 0 0 1 0 0 0 0 0 0 0 0 0 1 0 0 0 0 1],0.0,-0.04567,0.0,-0.03486,0.0,0.0,0.0,52.0,51.0,52.0,39.0,52.0,52.0,52.0
305,"[0, 2, 4]","[1, 1, 1]",100.0,10.0,softmax,"[0.7, 0.9]","[2, 2]",,affinity eblock rbf,[0 1 2 1 1 1 1 3 3 3 3 1 1 1 1 1 4 1 1 1],0.1476,0.0102,0.17291,0.02564,0.1404,0.21294,0.16923,5.0,10.0,4.0,8.0,8.0,5.0,3.0
306,"[0, 2, 4]","[1, 1, 1]",100.0,10.0,softmax,"[0.7, 0.9]","[2, 2]",,spectral eblock edr,[0 1 1 1 0 0 0 0 0 0 1 0 0 1 0 0 0 0 0 0],0.0067,-0.0333,0.01073,-0.03068,0.01192,0.00967,0.01068,37.0,40.0,37.0,34.0,37.0,37.0,37.0
307,"[0, 2, 4]","[1, 1, 1]",100.0,10.0,softmax,"[0.7, 0.9]","[2, 2]",,affinity eblock edr,[1 0 0 0 1 4 4 3 2 4 0 3 4 0 5 4 5 2 5 1],0.12253,-0.02874,0.11213,-0.02762,0.07113,0.17678,0.10144,9.0,32.0,12.0,33.0,18.0,9.0,12.0
308,"[0, 2, 4]","[1, 1, 1]",100.0,10.0,softmax,"[0.7, 0.9]","[2, 2]",,kmeans eblockset,[0 0 1 0 0 0 0 1 1 1 1 0 0 0 0 0 1 0 0 0],0.02416,-0.00575,0.03712,-0.00441,0.03955,0.03485,0.03705,26.0,19.0,26.0,21.0,25.0,26.0,26.0
309,"[0, 2, 4]","[1, 1, 1]",100.0,10.0,softmax,"[0.7, 0.9]","[2, 2]",,complete eblockset,[0 1 0 1 0 1 1 0 1 0 0 1 1 1 1 1 1 1 1 0],0.05067,0.0348,0.07564,0.04422,0.07826,0.0731,0.0756,17.0,7.0,20.0,4.0,17.0,17.0,20.0
310,"[0, 2, 4]","[1, 1, 1]",100.0,10.0,softmax,"[0.7, 0.9]","[2, 2]",,average eblockset,[0 0 0 0 0 0 0 0 0 0 0 0 0 0 0 0 1 0 0 0],0.03597,0.0,0.09698,0.0,0.18121,0.0519,0.08069,20.0,13.0,13.0,14.0,3.0,20.0,14.0
311,"[0, 2, 4]","[1, 1, 1]",100.0,10.0,softmax,"[0.7, 0.9]","[2, 2]",,ward eblockset,[0 0 1 0 0 0 0 1 0 1 1 0 0 0 0 0 1 0 0 0],0.0067,-0.0333,0.01073,-0.03068,0.01192,0.00967,0.01068,37.0,40.0,37.0,34.0,37.0,37.0,37.0
